n    tn     tn+1   Sƒn                                Sƒn+1                              1 - Sƒn                            Sƒn - Sƒn+1                       
  0  00.00  00.00  1.0000000000000000000000000000000  0.5000000000000000000000000000000  0.0000000000000000000000000000000  0.5000000000000000000000000000000  
  2  00.06  00.02  0.7834305107121343203502306096200  0.5731215670436194953296649146100  0.2165694892878656796497693903800  0.2103089436685148250205656950100  
  4  00.05  00.01  0.7313397798915710623646191379500  0.5975776349457144753785087232200  0.2686602201084289376353808620500  0.1337621449458565869861104147300  
  6  00.07  00.05  0.7106589413983666059237975787200  0.6088236674897090638935992501500  0.2893410586016333940762024212700  0.1018352739086575420301983285800  
  8  00.08  00.05  0.7002371602402724937164180119000  0.6149950812974244174213822589100  0.2997628397597275062835819881000  0.0852420789428480762950357529920  
 10  00.09  00.05  0.6941860893836224732922346447600  0.6187864418352215789553838476400  0.3058139106163775267077653552400  0.0753996475484008943368507971170  
 12  00.09  00.08  0.6903267341120873368254251545300  0.6213049206571787941300044622000  0.3096732658879126631745748454700  0.0690218134549085426954206923260  
 14  00.12  00.09  0.6876953667409648751629447360700  0.6230761823349525441173568651700  0.3123046332590351248370552639200  0.0646191844060123310455878709040  
 16  00.10  00.13  0.6858097002094195593357994766800  0.6243772339004006743934382939200  0.3141902997905804406642005233100  0.0614324663090188849423611827660  
 18  00.17  00.19  0.6844053823863474050881450239100  0.6253660390130405533071211721100  0.3155946176136525949118549760900  0.0590393433733068517810238518000  
 20  00.17  00.13  0.6833270197086152020204963264400  0.6261384249938183321759765931300  0.3166729802913847979795036735600  0.0571885947147968698445197333050  
 22  00.18  00.18  0.6824780597879051002863093344800  0.6267554911027670705436776188400  0.3175219402120948997136906655200  0.0557225686851380297426317156350  
 24  00.26  00.17  0.6817957470544430131909052761300  0.6272578199546890997950754353900  0.3182042529455569868090947238700  0.0545379270997539133958298407380  
 26  00.30  00.17  0.6812377423941108345317729799700  0.6276733038893315130835048876200  0.3187622576058891654682270200300  0.0535644385047793214482680923530  
 28  00.27  00.20  0.6807745699261542604574515280500  0.6280216767722571757914806767100  0.3192254300738457395425484719400  0.0527528931538970846659708513470  
 30  00.26  00.25  0.6803851518732336733918941718000  0.6283172518357306168823583902800  0.3196148481267663266081058282000  0.0520679000375030565095357815150  
 32  00.34  00.25  0.6800540633294461789759566272500  0.6285706369587245045948975530300  0.3199459366705538210240433727400  0.0514834263707216743810590742210  
 34  00.34  00.25  0.6797697864385300325906769103300  0.6287898436931486090273324407400  0.3202302135614699674093230896700  0.0509799427453814235633444695850  
 36  00.35  00.32  0.6795235670106634096043762838200  0.6289810243434890146829729928900  0.3204764329893365903956237161800  0.0505425426671743949214032909360  
 38  00.35  00.33  0.6793086461026280886699169059300  0.6291489738940462261851394032400  0.3206913538973719113300830940700  0.0501596722085818624847775026860  
 40  00.39  00.33  0.6791197316550087181852290996200  0.6292974792648670101513630470400  0.3208802683449912818147709003800  0.0498222523901417080338660525740  
 42  00.38  00.34  0.6789526277136280763002673666000  0.6294295670722295232835108436100  0.3210473722863719236997326333900  0.0495230606413985530167565229930  
 44  00.45  00.34  0.6788039694367683507536526121800  0.6295476824678111205102482017500  0.3211960305632316492463473878200  0.0492562869689572302434044104300  
 46  00.46  00.37  0.6786710305588387059927413247300  0.6296538202720137755719065353300  0.3213289694411612940072586752600  0.0490172102868249304208347894020  
 48  00.46  00.38  0.6785515813925737660383674665300  0.6297496225087171328738122610900  0.3214484186074262339616325334600  0.0488019588838566331645552054400  
 50  00.49  00.39  0.6784437826689168060667611825900  0.6298364519004948647307173814600  0.3215562173310831939332388174100  0.0486073307684219413360438011290  
 52  00.52  00.42  0.6783461051757764259662053518700  0.6299154479137035744784611779300  0.3216538948242235740337946481300  0.0484306572620728514877441739370  
 54  00.66  00.42  0.6782572682269832897716810293800  0.6299875699677911500273808087500  0.3217427317730167102283189706200  0.0482696982591921397443002206270  
 56  00.53  00.46  0.6781761920506395036056801473000  0.6300536310871639456010484536800  0.3218238079493604963943198527000  0.0481225609634755580046316936200  
 58  00.54  00.46  0.6781019605879055056618653907200  0.6301143243560206608222529212100  0.3218980394120944943381346092800  0.0479876362318848448396124695130  
 60  00.57  00.47  0.6780337921626519159801205205400  0.6301702438967426989080422572400  0.3219662078373480840198794794600  0.0478635482659092170720782633000  
 62  00.60  00.55  0.6779710161620543518168346963600  0.6302219016404823070942597951200  0.3220289838379456481831653036300  0.0477491145215720447225749012430  
 64  00.61  00.55  0.6779130543508551376419291045700  0.6302697408353546970616321232200  0.3220869456491448623580708954200  0.0476433135155004405802969813520  
 66  00.62  00.59  0.6778594057889147928008810595200  0.6303141470038045035551022010600  0.3221405942110852071991189404800  0.0475452587851102892457788584580  
 68  00.64  00.63  0.6778096345737548711340991758300  0.6303554568897009602324033039600  0.3221903654262451288659008241700  0.0474541776840539109016958718710  
 70  00.70  00.65  0.6777633598149084281914156235900  0.6303939658093901110547108146400  0.3222366401850915718085843764100  0.0473693940055183171367048089450  
 72  00.78  00.64  0.6777202473841599239534616572200  0.6304299337267327274503259104700  0.3222797526158400760465383427800  0.0472903136574271965031357467520  
 74  00.79  00.66  0.6776800030884732040092899296700  0.6304635903012765218988988635800  0.3223199969115267959907100703300  0.0472164127871966821103910660890  
 76  00.80  00.66  0.6776423669899354074175334972100  0.6304951391049475883932018405200  0.3223576330100645925824665027900  0.0471472278849878190243316566920  
 78  00.82  00.74  0.6776071086560377931817811258900  0.6305247611615233394033452896100  0.3223928913439622068182188741000  0.0470823474945144537784358362840  
 80  00.78  00.80  0.6775740231688538450782743893800  0.6305526179314776547002452389300  0.3224259768311461549217256106200  0.0470214052373761903780291504520  
 82  00.91  00.80  0.6775429277566001884380852970900  0.6305788538402137266558611372600  0.3224570722433998115619147029100  0.0469640739163864617822241598330  
 84  00.97  00.82  0.6775136589382553253813057381200  0.6306035984285066620103066270500  0.3224863410617446746186942618800  0.0469100605097486633709991110660  
 86  00.93  00.84  0.6774860700931469859042977077500  0.6306269681888940770164708737900  0.3225139299068530140957022922500  0.0468591019042529088878268339610  
 88  01.01  01.11  0.6774600293841935849670221614300  0.6306490681398235764731907693200  0.3225399706158064150329778385600  0.0468109612443700084938313921160  
 90  01.03  00.85  0.6774354179767370087716926718700  0.6306699931798830371931785521100  0.3225645820232629912283073281300  0.0467654247968539715785141197560  
 92  01.00  00.92  0.6774121285054701679939626046700  0.6306898292568522412793186049400  0.3225878714945298320060373953300  0.0467222992486179267146439997300  
 94  01.28  01.30  0.6773900637504428612345463989200  0.6307086543802211675568969440000  0.3226099362495571387654536010800  0.0466814093702216936776494549120  
 96  01.38  01.13  0.6773691354899203931339002338000  0.6307265395008947450605774065500  0.3226308645100796068660997661900  0.0466425959890256480733228272580  
 98  01.02  00.91  0.6773492635034014108796895925500  0.6307435492778080687870101428400  0.3226507364965985891203104074500  0.0466057142255933420926794497060  
100  01.16  00.97  0.6773303747025637422396471265500  0.6307597427479185725474053469900  0.3226696252974362577603528734500  0.0465706319546451696922417795570  
102  01.09  00.98  0.6773124023715718644567118644800  0.6307751739133742319154407596200  0.3226875976284281355432881355200  0.0465372284581976325412711048560  
104  01.02  00.97  0.6772952855011709072385883700900  0.6307898922574617373015826160500  0.3227047144988290927614116299100  0.0465053932437091699370057540360  
106  01.11  01.10  0.6772789682034598968130012508500  0.6308039431991312451231124214200  0.3227210317965401031869987491500  0.0464750250043286516898888294230  
108  01.23  01.15  0.6772633991962760946492494440400  0.6308173684943905179522971593500  0.3227366008037239053507505559500  0.0464460307018855766969522846920  
110  01.17  01.08  0.6772485313478080470872555451900  0.6308302065916159273584185029900  0.3227514686521919529127444548100  0.0464183247561921197288370422030  
112  01.52  01.17  0.6772343212734658335349990920800  0.6308424929467850716946486500100  0.3227656787265341664650009079200  0.0463918283266807618403504420710  
114  01.29  01.08  0.6772207289782136152567204590000  0.6308542603037623486272877926200  0.3227792710217863847432795410000  0.0463664686744512666294326663770  
116  01.20  01.11  0.6772077175385460279244398407200  0.6308655389440395167000019682700  0.3227922824614539720755601592800  0.0463421785945065112244378724420  
118  01.24  01.15  0.6771952528191275133551130238600  0.6308763569097097789750705487700  0.3228047471808724866448869761400  0.0463188959094177343800424750950  
120  01.24  01.21  0.6771833032198090185360683790300  0.6308867402029375570648994653300  0.3228166967801909814639316209600  0.0462965630168714614711689137040  
122  01.36  01.24  0.6771718394493217996199518893200  0.6308967129647385929658298664400  0.3228281605506782003800481106700  0.0462751264845832066541220228830  
124  01.28  01.28  0.6771608343224619908085060160400  0.6309062976355104268577633774800  0.3228391656775380091914939839600  0.0462545366869515639507426385530  
126  01.32  01.29  0.6771502625779892703405948850500  0.6309155150994308902667739857800  0.3228497374220107296594051149400  0.0462347474785583800738208992700  
128  01.44  01.31  0.6771401007148438733196371686000  0.6309243848145706934360532613900  0.3228598992851561266803628313900  0.0462157159002731798835839072120  
130  01.44  01.32  0.6771303268445829637300903414100  0.6309329249303247122426796522600  0.3228696731554170362699096585900  0.0461974019142582514874106891510  
132  01.48  01.32  0.6771209205582167101056256797100  0.6309411523935715138122759526600  0.3228790794417832898943743202800  0.0461797681646451962933497270570  
134  01.48  01.37  0.6771118628058407917791328145500  0.6309490830447905818090248430900  0.3228881371941592082208671854500  0.0461627797610502099701079714580  
136  01.49  01.44  0.6771031357876732270639763555600  0.6309567317052191537385397168700  0.3228968642123267729360236444300  0.0461464040824540733254366386970  
138  01.55  01.41  0.6770947228552639529652878991300  0.6309641122560006865072068649200  0.3229052771447360470347121008700  0.0461306105992632664580810342160  
140  01.56  01.41  0.6770866084217967983960306810300  0.6309712377101609481755417618800  0.3229133915782032016039693189700  0.0461153707116358502204889191490  
142  01.61  01.44  0.6770787778805342771448749772400  0.6309781202781546971536386081400  0.3229212221194657228551250227600  0.0461006576023795799912363690960  
144  01.61  01.44  0.6770712175305609870079592838000  0.6309847714276345387318656321400  0.3229287824694390129920407162000  0.0460864461029264482760936516570  
146  01.61  01.48  0.6770639145090839861040876712600  0.6309912019380251591016417478400  0.3229360854909160138959123287300  0.0460727125710588270024459234260  
148  01.66  01.40  0.6770568567296347817219270837100  0.6309974219504140835468319892200  0.3229431432703652182780729162900  0.0460594347792206981750950944840  
150  01.65  01.53  0.6770500328255768529572833358500  0.6310034410132207005617033246400  0.3229499671744231470427166641500  0.0460465918123561523955800112160  
152  01.69  01.56  0.6770434320984144438426710621600  0.6310092681240481171656142578300  0.3229565679015855561573289378400  0.0460341639743663266770568043280  
154  01.70  01.57  0.6770370444704254531131937255800  0.6310149117680827757226325047700  0.3229629555295745468868062744100  0.0460221327023426773905612208180  
156  01.73  01.60  0.6770308604412127451155356538900  0.6310203799533669055676909920300  0.3229691395587872548844643461000  0.0460104804878458395478446618650  
158  01.61  01.61  0.6770248710478041775928659262700  0.6310256802432329115148945675200  0.3229751289521958224071340737300  0.0459991908045712660779713587540  
160  01.77  01.78  0.6770190678279697227281985760800  0.6310308197861621559709988105200  0.3229809321720302772718014239200  0.0459882480418075667571997655610  
162  01.78  01.64  0.6770134427864598070101465054900  0.6310358053432992830877878986900  0.3229865572135401929898534945100  0.0459776374431605239223586067960  
164  01.81  01.68  0.6770079883639023021757452625000  0.6310406433138345816402647869800  0.3229920116360976978242547375000  0.0459673450500677205354804755190  
166  01.83  01.69  0.6770026974081162496332808586900  0.6310453397584405710318833371300  0.3229973025918837503667191413100  0.0459573576496756786013975215610  
168  01.73  01.73  0.6769975631476312649681403854600  0.6310499004209344509064294470600  0.3230024368523687350318596145400  0.0459476627266968140617109384040  
170  01.86  01.73  0.6769925791672161130563267761300  0.6310543307483194030993445267100  0.3230074208327838869436732238700  0.0459382484188967099569822494230  
172  01.89  01.77  0.6769877393852462565959626772400  0.6310586359093434127842670022800  0.3230122606147537434040373227600  0.0459291034759028438116956749580  
174  01.93  01.75  0.6769830380327493957182127815000  0.6310628208117003978827597165900  0.3230169619672506042817872185000  0.0459202172210489978354530649080  
176  01.96  01.79  0.6769784696339898877326390902400  0.6310668901179875556195497665600  0.3230215303660101122673609097500  0.0459115795160023321130893236840  
178  01.98  01.81  0.6769740289884592643332439365600  0.6310708482605208446969413671500  0.3230259710115407356667560634400  0.0459031807279384196363025694150  
180  01.98  01.82  0.6769697111541631562303678038000  0.6310746994551036381793096552400  0.3230302888458368437696321962000  0.0458950116990595180510581485580  
182  02.12  01.95  0.6769655114320904942815104732300  0.6310784477138307035914976950100  0.3230344885679095057184895267700  0.0458870637182597906900127782140  
184  02.03  01.89  0.6769614253517749480337784007100  0.6310820968570066691327724584000  0.3230385746482250519662215992900  0.0458793284947682789010059423160  
186  02.03  01.89  0.6769574486578602279251981599400  0.6310856505242479208561690029400  0.3230425513421397720748018400600  0.0458717981336123070690291569920  
188  02.10  01.91  0.6769535772975856513511416778800  0.6310891121848322127263486436300  0.3230464227024143486488583221200  0.0458644651127534386247930342500  
190  02.23  01.81  0.6769498074091259143258980657200  0.6310924851473546093316713268000  0.3230501925908740856741019342700  0.0458573222617713049942267389270  
192  02.12  01.94  0.6769461353107141254881184977400  0.6310957725687419417326395887300  0.3230538646892858745118815022600  0.0458503627419721837554789090060  
194  02.14  01.98  0.6769425574904892606298290047500  0.6310989774626747372821000681100  0.3230574425095107393701709952400  0.0458435800278145233477289366420  
196  02.18  01.99  0.6769390705970140809100143997000  0.6311021027074630307396319040000  0.3230609294029859190899856002900  0.0458369678895510501703824957070  
198  02.19  02.02  0.6769356714304103350698937902000  0.6311051510534128050622371120000  0.3230643285695896649301062097900  0.0458305203769975300076566782080  
200  02.19  02.06  0.6769323569340700563756740848500  0.6311081251297248062570588444900  0.3230676430659299436243259151500  0.0458242318043452501186152403530  
202  02.37  02.07  0.6769291241868931052749758237000  0.6311110274509565964962121142900  0.3230708758131068947250241763000  0.0458180967359365087787637094150  
204  02.43  02.06  0.6769259703960206486783590662500  0.6311138604230810411621632738400  0.3230740296039793513216409337500  0.0458121099729396075161957924140  
206  02.44  02.07  0.6769228928900212771679889556200  0.6311166263491695405107861915900  0.3230771071099787228320110443700  0.0458062665408517366572027640360  
208  02.47  02.11  0.6769198891125033368254548804500  0.6311193274347270953938959792100  0.3230801108874966631745451195500  0.0458005616777762414315589012400  
210  02.48  02.15  0.6769169566161193918318872420000  0.6311219657927025217247773980500  0.3230830433838806081681127579900  0.0457949908234168701071098439570  
212  02.50  02.15  0.6769140930569361724877808228500  0.6311245434481979055263423106200  0.3230859069430638275122191771500  0.0457895496087382669614385122260  
214  02.52  02.16  0.6769112961891453617013780785800  0.6311270623428962833756372674500  0.3230887038108546382986219214200  0.0457842338462490783257408111240  
216  02.71  02.22  0.6769085638600914611728853742500  0.6311295243392289755490764946400  0.3230914361399085388271146257500  0.0457790395208624856238088796090  
218  02.59  02.20  0.6769058940055928674794927246700  0.6311319312242974488569302593500  0.3230941059944071325205072753300  0.0457739627812954186225624653160  
220  02.60  02.27  0.6769032846455402818719448987400  0.6311342847135689160253946283800  0.3230967153544597181280551012600  0.0457689999319713658465502703620  
222  02.61  02.28  0.6769007338797496942106590722700  0.6311365864543584391910258091200  0.3230992661202503057893409277300  0.0457641474253912550196332631460  
224  02.64  02.27  0.6768982398840569514320009147900  0.6311388380291131916521862876800  0.3231017601159430485679990852100  0.0457594018549437597798146271090  
226  02.65  02.32  0.6768958009066324832403438449500  0.6311410409585106462415637906800  0.3231041990933675167596561550400  0.0457547599481218369987800542730  
228  02.69  02.31  0.6768934152645100787992760160700  0.6311431967043836799291511852000  0.3231065847354899212007239839300  0.0457502185601263988701248308640  
230  02.72  02.35  0.6768910813403063997384379035800  0.6311453066724831417744212558300  0.3231089186596936002615620964200  0.0457457746678232579640166477470  
232  02.73  02.35  0.6768887975791247901824476684800  0.6311473722150876541903130601000  0.3231112024208752098175523315100  0.0457414253640371359921346083860  
234  02.76  02.37  0.6768865624856322815716680452200  0.6311493946334720828161835015600  0.3231134375143677184283319547800  0.0457371678521601987554845436530  
236  02.80  02.40  0.6768843746212946932416798517800  0.6311513751802412253155694088500  0.3231156253787053067583201482200  0.0457329994410534679261104429310  
238  02.80  02.42  0.6768822326017619461779872835900  0.6311533150615394882620989847000  0.3231177673982380538220127164100  0.0457289175402224579158882988850  
240  02.98  02.65  0.6768801350943962624739924649500  0.6311552154391413260725585132600  0.3231198649056037375260075350500  0.0457249196552549364014339516870  
242  02.85  02.51  0.6768780808159303719051536063500  0.6311570774324325450166384143800  0.3231219191840696280948463936500  0.0457210033834978268885151919670  
244  02.87  02.68  0.6768760685302523949502528921600  0.6311589021202878013738768459000  0.3231239314697476050497471078400  0.0457171664099645935763760462580  
246  02.91  02.69  0.6768740970463038575388736717300  0.6311606905428490676968067418800  0.3231259029536961424611263282700  0.0457134065034547898420669298500  
248  02.93  02.70  0.6768721652160918367258091166100  0.6311624437032146150983180632500  0.3231278347839081632741908833800  0.0457097215128772216274910533680  
250  03.14  02.73  0.6768702719327994721254526666600  0.6311641625690400658754697360500  0.3231297280672005278745473333400  0.0457061093637594062499829306030  
252  03.14  02.78  0.6768684161289966194630096651900  0.6311658480740585108748064158100  0.3231315838710033805369903348000  0.0457025680549381085882032493830  
254  03.19  02.77  0.6768665967749413203691233320600  0.6311675011195243545358835035600  0.3231334032250586796308766679400  0.0456990956554169658332398284980  
256  03.02  02.78  0.6768648128769658711689771735100  0.6311691225755851064604939892900  0.3231351871230341288310228264900  0.0456956903013807647084831842220  
258  03.26  02.81  0.6768630634759448261306147287500  0.6311707132825848942658808482500  0.3231369365240551738693852712500  0.0456923501933599318647338805020  
260  03.24  02.98  0.6768613476458387179235387520700  0.6311722740523038055471261031900  0.3231386523541612820764612479200  0.0456890735935349123764126488820  
262  03.28  02.90  0.6768596644923116079084479679300  0.6311738056691370557516052031100  0.3231403355076883920915520320700  0.0456858588231745521568427648160  
264  03.31  02.87  0.6768580131514129183400996225800  0.6311753088912167575230682814400  0.3231419868485870816599003774200  0.0456827042601961608170313411390  
266  03.35  02.90  0.6768563927883274322638840203600  0.6311767844514799552513295566300  0.3231436072116725677361159796400  0.0456796083368474770125544637270  
268  03.35  02.94  0.6768548025961821368312598679000  0.6311782330586851452736141254700  0.3231451974038178631687401321000  0.0456765695374969915576457424320  
270  03.39  02.95  0.6768532417949130186585193769100  0.6311796553983815005750557247700  0.3231467582050869813414806230900  0.0456735863965315180834636521470  
272  03.39  02.99  0.6768517096301841506900132117100  0.6311810521338317991890676239500  0.3231482903698158493099867882800  0.0456706574963523515009455877590  
274  03.43  03.01  0.6768502053723590705658352817400  0.6311824239068922759443580616800  0.3231497946276409294341647182600  0.0456677814654667946214772200620  
276  03.45  03.16  0.6768487283155186773342393280500  0.6311837713388521731161517891400  0.3231512716844813226657606719500  0.0456649569766665042180875389020  
278  03.48  03.06  0.6768472777765269787764168540900  0.6311850950312339891823398829700  0.3231527222234730212235831459100  0.0456621827452929895940769711160  
280  03.53  03.10  0.6768458530941395823177231250100  0.6311863955665577563536317029500  0.3231541469058604176822768749800  0.0456594575275818259640914220650  
282  03.56  03.07  0.6768444536281501555663453473200  0.6311876735090704571007336198800  0.3231555463718498444336546526800  0.0456567801190796984656117274420  
284  03.56  03.12  0.6768430787585810737283509297400  0.6311889294054416899015791386800  0.3231569212414189262716490702600  0.0456541493531393838267717910640  
286  03.60  03.11  0.6768417278849067075796597237000  0.6311901637854299140784064547900  0.3231582721150932924203402762900  0.0456515640994767935012532689140  
288  03.64  03.12  0.6768404004253127936863165814400  0.6311913771625173863455415812500  0.3231595995746872063136834185600  0.0456490232627954073407750001930  
290  03.65  03.19  0.6768390958159894443824100562800  0.6311925700345184520045904719100  0.3231609041840105556175899437200  0.0456465257814709923778195843620  
292  03.65  03.19  0.6768378135104542447919584446900  0.6311937428841596364748056657800  0.3231621864895457552080415553100  0.0456440706262946083171527789090  
294  03.74  03.33  0.6768365529789075463185099579300  0.6311948961796360890730284154400  0.3231634470210924536814900420700  0.0456416567992714572454815424860  
296  03.71  03.28  0.6768353137076121850412846470100  0.6311960303751427137086693619500  0.3231646862923878149587153529900  0.0456392833324694713326152850640  
298  03.73  03.23  0.6768340951983048414675181447800  0.6311971459113832061404991691200  0.3231659048016951585324818552200  0.0456369492869216353270189756580  
300  03.77  03.27  0.6768328969676288275891806733800  0.6311982432160569977952491171900  0.3231671030323711724108193266100  0.0456346537515718297939315561960  
302  03.82  03.28  0.6768317185465925200915648929400  0.6311993227043256604602561310400  0.3231682814534074799084351070600  0.0456323958422668596313087618910  
304  03.82  03.36  0.6768305594800528846022302786900  0.6312003847792593269616645557100  0.3231694405199471153977697213100  0.0456301747007935576405657229770  
306  03.82  03.36  0.6768294193262174296421562758000  0.6312014298322654592965363917700  0.3231705806737825703578437242000  0.0456279894939519703456198840280  
308  03.86  03.40  0.6768282976561694752604125824300  0.6312024582434981878620305906200  0.3231717023438305247395874175700  0.0456258394126712873983819918060  
310  03.90  03.37  0.6768271940534128505717603729800  0.6312034703822521075622375974500  0.3231728059465871494282396270100  0.0456237236711607430095227755370  
312  04.09  03.43  0.6768261081134341328180425989500  0.6312044666073395315919469794600  0.3231738918865658671819574010400  0.0456216415060946012260956194950  
314  03.94  03.44  0.6768250394432859806670421676200  0.6312054472674515359642555267800  0.3231749605567140193329578323800  0.0456195921758344447027866408460  
316  03.99  03.44  0.6768239876611837901876356227100  0.6312064127015057923841823139800  0.3231760123388162098123643772800  0.0456175749596779978034533087340  
318  04.02  03.49  0.6768229523961220017724826902800  0.6312073632389789690222414719700  0.3231770476038779982275173097100  0.0456155891571430327502412183090  
320  04.02  03.49  0.6768219332875033966701039389600  0.6312082992002270298570465456600  0.3231780667124966033298960610400  0.0456136340872763668130573933010  
322  04.02  03.54  0.6768209299847854909515376675700  0.6312092208967916562301070371200  0.3231790700152145090484623324300  0.0456117090879938347214306304520  
324  04.24  03.53  0.6768199421471398080640824446100  0.6312101286316955661703786972800  0.3231800578528601919359175553800  0.0456098135154442418937037473370  
326  04.11  03.58  0.6768189694431244740613351496000  0.6312110226997257322878454033300  0.3231810305568755259386648504000  0.0456079467433987417734897462650  
328  04.12  03.61  0.6768180115503712457325491413900  0.6312119033877051643699473970600  0.3231819884496287542674508586100  0.0456061081626660813626017443310  
330  04.14  03.61  0.6768170681552829748284239030900  0.6312127709747549220153928217800  0.3231829318447170251715760969100  0.0456042971805280528130310813140  
332  04.16  03.65  0.6768161389527443949631901887200  0.6312136257325454691269328577600  0.3231838610472556050368098112800  0.0456025132201989258362573309570  
334  04.20  03.66  0.6768152236458433446131266464300  0.6312144679255384804861250813700  0.3231847763541566553868733535600  0.0456007557203048641270015650660  
336  04.48  03.84  0.6768143219456023151892054556800  0.6312152978112195444992948978300  0.3231856780543976848107945443200  0.0455990241343827706899105578480  
338  04.52  03.72  0.6768134335707213233845891409100  0.6312161156403220951816024353300  0.3231865664292786766154108590800  0.0455973179303992282029867055820  
340  04.52  03.73  0.6768125582473301093955342366800  0.6312169216570422403123075127900  0.3231874417526698906044657633200  0.0455956365902878690832267238870  
342  04.57  03.74  0.6768116957087507712387264291400  0.6312177160992469282518868567400  0.3231883042912492287612735708500  0.0455939796095038429868395724040  
344  04.59  03.77  0.6768108456952662832506462109400  0.6312184991986723447965346167600  0.3231891543047337167493537890500  0.0455923464965939384541115941830  
346  04.62  03.78  0.6768100079539013380625078752900  0.6312192711811173140290520677800  0.3231899920460986619374921247100  0.0455907367727840240334558075120  
348  04.64  03.83  0.6768091822382092948018339484400  0.6312200322666273732963304610200  0.3231908177617907051981660515600  0.0455891499715819215055034874240  
350  04.66  03.94  0.6768083683080674539667143108100  0.6312207826696734080940132116700  0.3231916316919325460332856891900  0.0455875856383940458727010991420  
352  04.70  03.88  0.6768075659294798818166327691900  0.6312215225993237366353127981700  0.3231924340705201181833672308100  0.0455860433301561451813199710160  
354  04.73  03.87  0.6768067748743873401906512299300  0.6312222522594092000147725229900  0.3231932251256126598093487700700  0.0455845226149781401758787069410  
356  04.79  03.90  0.6768059949204846548198588607200  0.6312229718486829233015100726300  0.3231940050795153451801411392800  0.0455830230718017315183487880860  
358  04.75  03.96  0.6768052258510440788441542281300  0.6312236815609744144950354893800  0.3231947741489559211558457718600  0.0455815442900696643491187387550  
360  04.83  03.92  0.6768044674547458727786874987900  0.6312243815853377792990386296900  0.3231955325452541272213125012100  0.0455800858694080934796488691060  
362  05.05  03.95  0.6768037195255127702608888284900  0.6312250721061944958023559593100  0.3231962804744872297391111715100  0.0455786474193182744585328691750  
364  04.86  03.99  0.6768029818623534366039962151200  0.6312257533034724144016536229200  0.3231970181376465633960037848700  0.0455772285588810222023425922090  
366  04.92  04.06  0.6768022542692098131311695397000  0.6312264253527378743413578376900  0.3231977457307901868688304603000  0.0455758289164719387898117020080  
368  04.93  04.04  0.6768015365548087913794006453800  0.6312270884253252667406286491300  0.3231984634451912086205993546200  0.0455744481294835246387719962510  
370  04.91  04.07  0.6768008285325218809092007177200  0.6312277426884606024160007109400  0.3231991714674781190907992822800  0.0455730858440612784932000067780  
372  04.96  04.12  0.6768001300202269865380344526800  0.6312283883053816380126477270100  0.3231998699797730134619655473200  0.0455717417148453485253867256690  
374  05.00  04.08  0.6767994408401765138449945880000  0.6312290254354533391989434676300  0.3232005591598234861550054120000  0.0455704154047231746460511203620  
376  05.04  04.34  0.6767987608188699155675749352700  0.6312296542342801242142513729000  0.3232012391811300844324250647300  0.0455691065845897913533235623620  
378  05.10  04.16  0.6767980897869299017344246749400  0.6312302748538133334577082678100  0.3232019102130700982655753250600  0.0455678149331165682767164071260  
380  05.09  04.26  0.6767974275789840898909233146700  0.6312308874424559235194465145500  0.3232025724210159101090766853300  0.0455665401365281663714768001230  
382  05.33  04.23  0.6767967740335484316815950478500  0.6312314921451631644089275141600  0.3232032259664515683184049521500  0.0455652818883852672726675336890  
384  05.14  04.21  0.6767961289929185220159979508000  0.6312320891035402281588062578500  0.3232038710070814779840020492000  0.0455640398893782938571916929500  
386  05.16  04.25  0.6767954923030585767662614671300  0.6312326784559363357374195402400  0.3232045076969414232337385328700  0.0455628138471222410288419268910  
388  05.16  04.26  0.6767948638135018457617775311500  0.6312332603375357953368052221800  0.3232051361864981542382224688500  0.0455616034759660504249723089740  
390  05.21  04.31  0.6767942433772466959140956532800  0.6312338348804462651031599307300  0.3232057566227533040859043467200  0.0455604084968004308109357225470  
392  05.27  04.33  0.6767936308506611320368051565300  0.6312344022137836851982228836300  0.3232063691493388679631948434700  0.0455592286368774468385822729030  
394  05.26  04.51  0.6767930260933884278884420382400  0.6312349624637552114592153884600  0.3232069739066115721115579617600  0.0455580636296332164292266497790  
396  05.30  04.41  0.6767924289682570870851918698400  0.6312355157537384853227990788600  0.3232075710317429129148081301500  0.0455569132145186017623927909880  
398  05.35  04.38  0.6767918393411921362812222469100  0.6312360622043591273921947504300  0.3232081606588078637187777530900  0.0455557771368330088890274964800  
400  05.34  04.43  0.6767912570811300820849965020900  0.6312366019335654554467396337700  0.3232087429188699179150034979100  0.0455546551475646266382568683180  
402  05.38  04.42  0.6767906820599376427338711437200  0.6312371350567006489384880296700  0.3232093179400623572661288562800  0.0455535470032369937953831140470  
404  05.42  04.44  0.6767901141523308128356006818600  0.6312376616865728040650651564600  0.3232098858476691871643993181300  0.0455524524657580087705355254000  
406  05.45  04.60  0.6767895532357990351357557301500  0.6312381819335229904410766721400  0.3232104467642009648642442698500  0.0455513713022760446946790580110  
408  05.45  04.51  0.6767889991905299273966534201400  0.6312386959054905322119566335400  0.3232110008094700726033465798500  0.0455503032850393951846967866000  
410  05.46  04.52  0.6767884518993362297223370660500  0.6312392037080770679224883679100  0.3232115481006637702776629339500  0.0455492481912591617998486981380  
412  05.71  04.54  0.6767879112475884140209814177100  0.6312397054446078348277637815000  0.3232120887524115859790185822900  0.0455482058029805791932176362020  
414  05.56  04.60  0.6767873771231434076867117255400  0.6312402012161917319588155805800  0.3232126228768565923132882744500  0.0455471759069516757278961449630  
416  05.55  04.60  0.6767868494162821990656198067900  0.6312406911217788296752928545200  0.3232131505837178009343801932100  0.0455461582945033693903269522710  
418  05.58  04.59  0.6767863280196432240742865360500  0.6312411752582165469505071087000  0.3232136719803567759257134639500  0.0455451527614266771237794273470  
420  05.63  04.64  0.6767858128281636354017791745700  0.6312416537203046074111512098200  0.3232141871718363645982208254300  0.0455441591078590279906279647550  
422  05.63  04.68  0.6767853037390165749087600488500  0.6312421266008466647079444555800  0.3232146962609834250912399511400  0.0455431771381699102008155932710  
424  05.84  04.68  0.6767848006515559955431626804000  0.6312425939907028160646973447000  0.3232151993484440044568373195900  0.0455422066608531794784653357050  
426  05.71  04.69  0.6767843034672578195198866524100  0.6312430559788377859575803086000  0.3232156965327421804801133475800  0.0455412474884200335623063438100  
428  05.75  04.73  0.6767838120896686460170599275400  0.6312435126523701089951146059300  0.3232161879103313539829400724600  0.0455402994372985370219453216120  
430  05.76  04.76  0.6767833264243493518463878899600  0.6312439640966182041736942665000  0.3232166735756506481536121100400  0.0455393623277311476726936234630  
432  05.94  04.75  0.6767828463788269077738846135600  0.6312444103951461160662006477600  0.3232171536211730922261153864400  0.0455384359836807917076839657960  
434  05.82  04.80  0.6767823718625419759931105545500  0.6312448516298068135199628159200  0.3232176281374580240068894454400  0.0455375202327351624731477386370  
436  05.82  04.85  0.6767819027868037240480703076200  0.6312452878807852663101130019600  0.3232180972131962759519296923800  0.0455366149060184577379573056530  
438  05.86  05.01  0.6767814390647396427524995488000  0.6312457192266400785030100451000  0.3232185609352603572475004511900  0.0455357198380995642494895037090  
440  05.95  04.85  0.6767809806112528026034169670300  0.6312461457443429013736135857500  0.3232190193887471973965830329700  0.0455348348669099012298033812840  
442  05.93  04.89  0.6767805273429766677040220201900  0.6312465675093182904120681087100  0.3232194726570233322959779798100  0.0455339598336583772919539114810  
444  05.92  04.93  0.6767800791782322411549444041100  0.6312469845954808977950278858800  0.3232199208217677588450555958800  0.0455330945827513433599165182380  
446  06.01  04.95  0.6767796360369862096462156841900  0.6312473970752727758792843815200  0.3232203639630137903537843158100  0.0455322389617134337669313026710  
448  06.20  05.00  0.6767791978408119746291049523300  0.6312478050196986822939493322300  0.3232208021591880253708950476700  0.0455313928211132923351556200940  
450  06.04  05.01  0.6767787645128492401980224713000  0.6312482084983611629880329019200  0.3232212354871507598019775287000  0.0455305560144880772099895693830  
452  06.17  05.19  0.6767783359777655993738676443200  0.6312486075794941919880898240100  0.3232216640222344006261323556800  0.0455297283982714073857778203090  
454  06.14  05.03  0.6767779121617206739003336224400  0.6312490023299957009328409185400  0.3232220878382793260996663775600  0.0455289098317249729674927039010  
456  06.22  05.17  0.6767774929923298099510020620100  0.6312493928154596645185847592100  0.3232225070076701900489979379900  0.0455281001768701454324173028000  
458  06.32  05.06  0.6767770783986287730371600446200  0.6312497791002071867438871777300  0.3232229216013712269628399553800  0.0455272992984215862932728668960  
460  06.23  05.16  0.6767766683110403302947588599600  0.6312501612473160328420362930000  0.3232233316889596697052411400400  0.0455265070637242974527225669590  
462  06.28  05.11  0.6767762626613406107267678635200  0.6312505393186506053027073903600  0.3232237373386593892732321364700  0.0455257233426900054240604731600  
464  06.23  05.12  0.6767758613826284630476948223100  0.6312509133748899214921834754900  0.3232241386173715369523051776900  0.0455249480077385415555113468140  
466  06.28  05.15  0.6767754644092921489928471601100  0.6312512834755551471843659783200  0.3232245355907078510071528398800  0.0455241809337370018084811817970  
468  06.30  05.31  0.6767750716769811436535064785800  0.6312516496790371300917854569000  0.3232249283230188563464935214100  0.0455234219979440135617210216880  
470  06.32  05.18  0.6767746831225752712768439778300  0.6312520120426218239728655135000  0.3232253168774247287231560221700  0.0455226710799534473039784643330  
472  06.35  05.19  0.6767742986841566166233974399800  0.6312523706225162678506990232500  0.3232257013158433833766025600200  0.0455219280616403487726984167240  
474  06.54  05.24  0.6767739183009825465475728378800  0.6312527254738730109195898876300  0.3232260816990174534524271621200  0.0455211928271095356279829502450  
476  06.36  05.26  0.6767735419134561780651893059200  0.6312530766508145374515947878500  0.3232264580865438219348106940700  0.0455204652626416406135945180720  
478  06.49  05.36  0.6767731694631022865138447741600  0.6312534242064562484131329256300  0.3232268305368977134861552258400  0.0455197452566460381007118485280  
480  06.88  04.93  0.6767728008925413263341397396300  0.6312537681929295541038982264600  0.3232271991074586736658602603700  0.0455190326996117722302415131710  
482  06.45  05.31  0.6767724361454631187839936501400  0.6312541086614046337288641552700  0.3232275638545368812160063498600  0.0455183274840584850551294948670  
484  06.57  05.35  0.6767720751666038703220351635500  0.6312544456621105304350294318300  0.3232279248333961296779648364500  0.0455176295044933398870057317250  
486  06.72  05.51  0.6767717179017225248571776319300  0.6312547792443579108834228463800  0.3232282820982774751428223680700  0.0455169386573646139737547855470  
488  06.76  05.42  0.6767713642975766719089847356400  0.6312551094565583831297317374200  0.3232286357024233280910152643600  0.0455162548410182887792529982110  
490  06.58  05.44  0.6767710143019014523702026053800  0.6312554363462449247279550945700  0.3232289856980985476297973946200  0.0455155779556565276422475108120  
492  06.63  05.44  0.6767706678633866879124525439700  0.6312557599600912006110320362500  0.3232293321366133120875474560300  0.0455149079032954873014205077200  
494  06.67  05.47  0.6767703249316560087933680733800  0.6312560803439307699491678249600  0.3232296750683439912066319266200  0.0455142445877252388442002484220  
496  06.67  05.50  0.6767699854572465367752442944000  0.6312563975427749607405303322600  0.3232300145427534632247557056000  0.0455135879144715760347139621440  
498  06.69  05.53  0.6767696493915881239544773961800  0.6312567116008311884911563538500  0.3232303506084118760455226038200  0.0455129377907569354633210423340  
500  06.72  05.53  0.6767693166869848120370534161300  0.6312570225615204977387406870500  0.3232306833130151879629465838700  0.0455122941254643142983127290790  
502  06.82  05.53  0.6767689872965936270787778994400  0.6312573304674943264203079706900  0.3232310127034063729212221005600  0.0455116568290993006584699287480  
504  06.43  05.58  0.6767686611744089253406286843500  0.6312576353606516033067919124700  0.3232313388255910746593713156500  0.0455110258137573220338367718790  
506  06.85  05.61  0.6767683382752404108728683240800  0.6312579372821541801030775786800  0.3232316617247595891271316759200  0.0455104009930862307697907453980  
508  06.84  05.61  0.6767680185546997018164461223900  0.6312582362724434847933707715100  0.3232319814453002981835538776100  0.0455097822822562170230753508800  
510  06.89  05.65  0.6767677019691805684331598058600  0.6312585323712551765851230811700  0.3232322980308194315668401941400  0.0455091695979253918480367246960  
512  06.88  05.71  0.6767673884758417246487738339000  0.6312588256176344669867717129800  0.3232326115241582753512261660900  0.0455085628582072576620021209240  
514  07.27  06.65  0.6767670780325919510644894216900  0.6312591160499507747516645395100  0.3232329219674080489355105783000  0.0455079619826411763128248821880  
516  07.84  06.71  0.6767667705980736636561800878500  0.6312594037059118257104728400000  0.3232332294019263363438199121400  0.0455073668921618379457072478540  
518  07.04  05.91  0.6767664661316471486074419772200  0.6312596886225778636259065024200  0.3232335338683528513925580227800  0.0455067775090692849815354747990  
520  07.82  07.13  0.6767661645933750191872491086500  0.6312599708363746398021021377600  0.3232338354066249808127508913500  0.0455061937570003793851469708900  
522  09.91  07.56  0.6767658659440085600067504856300  0.6312602503831070688278259694900  0.3232341340559914399932495143700  0.0455056155609014911789245161340  
524  09.05  08.84  0.6767655701449719618523204189800  0.6312605272979722181858619478600  0.3232344298550280381476795810200  0.0455050428469997436664584711250  
526  10.06  08.04  0.6767652771583495541207753376500  0.6312608016155715207062826266300  0.3232347228416504458792246623500  0.0455044755427780334144927110170  
528  09.51  08.63  0.6767649869468709278308438115300  0.6312610733699232090643249648600  0.3232350130531290721691561884600  0.0455039135769477187665188466780  
530  10.40  08.19  0.6767646994738980570360808997000  0.6312613425944744172113587410400  0.3232353005261019429639191002900  0.0455033568794236398247221586640  
532  09.43  08.70  0.6767644147034121981931775735600  0.6312616093221125046497377297800  0.3232355852965878018068224264400  0.0455028053812996935434398437790  
534  11.50  08.18  0.6767641326000018997532947651000  0.6312618735851771578637681159300  0.3232358673999981002467052348900  0.0455022590148247418895266491740  
536  10.25  07.98  0.6767638531288491243742555525400  0.6312621354154706043715350460800  0.3232361468711508756257444474600  0.0455017177133785200027205064540  
538  11.55  08.80  0.6767635762557173695341816710400  0.6312623948442691590443587301700  0.3232364237442826304658183289600  0.0455011814114482104898229408720  
540  10.37  10.66  0.6767633019469416755242718863900  0.6312626519023337712255283804500  0.3232366980530583244757281136100  0.0455006500446079042987435059330  
542  10.80  08.39  0.6767630301694148586832966429900  0.6312629066199200167375238379400  0.3232369698305851413167033570100  0.0455001235494948419457728050470  
544  09.69  10.22  0.6767627608905768532565616624200  0.6312631590267884229561445863500  0.3232372391094231467434383375800  0.0454996018637884303004170760690  
546  10.48  08.46  0.6767624940784043863217789294100  0.6312634091522144608177313784800  0.3232375059215956136782210705900  0.0454990849261899255040475509300  
548  10.89  09.86  0.6767622297013988763580982777000  0.6312636570249978706925730875800  0.3232377702986011236419017222900  0.0454985726764010056655251901250  
550  10.00  08.45  0.6767619677285779955511202388100  0.6312639026734724323475234086800  0.3232380322714220044488797611800  0.0454980650551055632035968301350  
552  10.91  08.71  0.6767617081294637904065325528800  0.6312641461255149577525003223800  0.3232382918705362095934674471200  0.0454975620039488326540322304930  
554  10.76  08.65  0.6767614508740723566759811546900  0.6312643874085542838869855586400  0.3232385491259276433240188453100  0.0454970634655180727889955960560  
556  13.00  09.05  0.6767611959329054016620830225300  0.6312646265495799324796166729300  0.3232388040670945983379169774700  0.0454965693833254691824663495930  
558  10.88  08.29  0.6767609432769403632335070142300  0.6312648635751511028146865101000  0.3232390567230596367664929857700  0.0454960797017892604188205041280  
560  11.35  09.89  0.6767606928776200847508448532600  0.6312650985114043322710131178600  0.3232393071223799152491551467400  0.0454955943662157524798317354000  
562  12.21  08.07  0.6767604447068450435054387526200  0.6312653313840626001507416731300  0.3232395552931549564945612473800  0.0454951133227824433546970794850  
564  10.89  07.70  0.6767601987369632476898573258900  0.6312655622184423220843996205100  0.3232398012630367523101426741000  0.0454946365185209256054577053870  
566  08.44  07.68  0.6767599549407630199482355237700  0.6312657910394621207927912109900  0.3232400450592369800517644762300  0.0454941639013008991554443127820  
568  09.13  07.30  0.6767597132914622282129357699900  0.6312660178716495984474477154400  0.3232402867085377717870642300100  0.0454936954198126297654880545450  
570  09.38  07.95  0.6767594737627025125448199105400  0.6312662427391493302764047257400  0.3232405262372974874551800894500  0.0454932310235531822684151848080  
572  09.46  07.42  0.6767592363285394041483300497900  0.6312664656657301920361646807600  0.3232407636714605958516699502100  0.0454927706628092121121653690350  
574  08.64  07.68  0.6767590009634352199441309494400  0.6312666866747921323721470798800  0.3232409990365647800558690505600  0.0454923142886430875719838695660  
576  09.76  09.02  0.6767587676422506248741228773700  0.6312669057893733892683485464600  0.3232412323577493751258771226300  0.0454918618528772356057743309060  
578  12.32  10.13  0.6767585363402379705632938566800  0.6312671230321573734300955038600  0.3232414636597620294367061433100  0.0454914133080805971331983528210  
580  09.44  08.71  0.6767583070330334127362448271000  0.6312673384254789965552845387700  0.3232416929669665872637551729000  0.0454909686075544161809602883290  
582  10.34  07.13  0.6767580796966490286337148063500  0.6312675519913315547171350772200  0.3232419203033509713662851936500  0.0454905277053174739165797291210  
584  09.48  08.00  0.6767578543074669328305503768200  0.6312677637513729456131272854700  0.3232421456925330671694496231800  0.0454900905560939872174230913510  
586  09.97  08.30  0.6767576308422315056745333095000  0.6312679737269318858139399708300  0.3232423691577684943254666905000  0.0454896571152996198605933386710  
588  11.56  09.31  0.6767574092780431760374426630700  0.6312681819390140169900860200900  0.3232425907219568239625573369300  0.0454892273390291590473566429860  
590  10.28  09.39  0.6767571895923512048653947204000  0.6312683884083079011162453753000  0.3232428104076487951346052796000  0.0454888011840433037491493450940  
592  11.65  09.50  0.6767569717629470238406952375900  0.6312685931551910156755980096900  0.3232430282370529761593047624000  0.0454883786077560081650972279020  
594  11.58  08.40  0.6767567557679595724451360183600  0.6312687961997348606857372033100  0.3232432442320404275548639816400  0.0454879595682247117593988150470  
596  10.36  08.33  0.6767565415858467492427053002700  0.6312689975617113979922123689900  0.3232434584141532507572946997200  0.0454875440241353512504929312850  
598  10.44  08.30  0.6767563291953911930320941792100  0.6312691972605978252275349404900  0.3232436708046088069679058207800  0.0454871319347933678045592387210  
600  12.35  08.63  0.6767561185756930663970365458200  0.6312693953155823489709064233500  0.3232438814243069336029634541800  0.0454867232601107174261301224760  
602  10.50  08.59  0.6767559097061653927696056598500  0.6312695917455691807518292080200  0.3232440902938346072303943401500  0.0454863179605962120177764518300  
604  10.90  07.36  0.6767557025665271730474614742000  0.6312697865691836440760198456700  0.3232442974334728269525385258000  0.0454859159973435289714416285280  
606  09.73  07.72  0.6767554971367992777686595218200  0.6312699798047775034959272488800  0.3232445028632007222313404781700  0.0454855173320217742727322729480  
608  09.44  07.71  0.6767552933972970086173859272100  0.6312701714704332944805287297600  0.3232447066027029913826140727900  0.0454851219268637141368571974450  
610  09.20  08.49  0.6767550913286275449110007684800  0.6312703615839698745304531257700  0.3232449086713724550889992315200  0.0454847297446576703805476427080  
612  09.45  08.00  0.6767548909116810618158410761700  0.6312705501629464199808694502300  0.3232451090883189381841589238300  0.0454843407487346418349716259400  
614  10.84  09.27  0.6767546921276295091018937455400  0.6312707372246674220050977055500  0.3232453078723704908981062544600  0.0454839549029620870967960399860  
616  11.20  09.76  0.6767544949579193946931354730600  0.6312709227861870164844049213600  0.3232455050420806053068645269400  0.0454835721717323782087305517050  
618  12.13  08.40  0.6767542993842663445747120931600  0.6312711068643137579670110426400  0.3232457006157336554252879068400  0.0454831925199525866077010505250  
620  10.08  08.72  0.6767541053886524382576794778300  0.6312712894756142834040701927700  0.3232458946113475617423205221700  0.0454828159130381548536092850550  
622  11.57  10.19  0.6767539129533194364185533231600  0.6312714706364181971309790242200  0.3232460870466805635814466768300  0.0454824423169012392875742989420  
624  14.38  09.73  0.6767537220607658943194451239800  0.6312716503628218456256604440600  0.3232462779392341056805548760200  0.0454820716979440486937846799260  
626  11.20  08.53  0.6767535326937409445591242729300  0.6312718286706925363560571895500  0.3232464673062590554408757270700  0.0454817040230484082030670833770  
628  12.45  08.93  0.6767533448352418545823638851300  0.6312720055756722015161130912000  0.3232466551647581454176361148700  0.0454813392595696530662507939270  
630  13.05  08.98  0.6767531584685080314756078223600  0.6312721810931818389178715733600  0.3232468415314919685243921776400  0.0454809773753261925577362490000  
632  12.21  10.39  0.6767529735770174692532918925300  0.6312723552384249536828519922000  0.3232470264229825307467081074700  0.0454806183385925155704399003300  
634  12.87  10.17  0.6767527901444836402333748992500  0.6312725280263911109557284362400  0.3232472098555163597666251007500  0.0454802621180925292776464630150  
636  13.58  10.37  0.6767526081548482785876785783300  0.6312726994718603767964282269500  0.3232473918451517214123214216700  0.0454799086829879017912503513800  
638  14.34  10.54  0.6767524275922813803418875977500  0.6312728695894057606707860941200  0.3232475724077186196581124022500  0.0454795580028756196711015036270  
640  14.53  10.66  0.6767522484411750971489141193100  0.6312730383933978783872476014900  0.3232477515588249028510858806800  0.0454792100477772187616665178210  
642  14.73  11.16  0.6767520706861394064191017605500  0.6312732058980075056098257846300  0.3232479293138605935808982394500  0.0454788647881319008092759759160  
644  13.38  09.49  0.6767518943120004459856886569500  0.6312733721172094636386873389700  0.3232481056879995540143113430500  0.0454785221947909823470013179760  
646  14.51  10.36  0.6767517193037946299227769486600  0.6312735370647858390569240327700  0.3232482806962053700772230513400  0.0454781822390087908658529158850  
648  14.80  10.62  0.6767515456467675383223081553300  0.6312737007543290923550216575700  0.3232484543532324616776918446700  0.0454778448924384459672864977620  
650  14.09  10.18  0.6767513733263670339113105001100  0.6312738631992452775776314410900  0.3232486266736329660886894998800  0.0454775101271217563336790590250  
652  12.83  08.53  0.6767512023282433730742013722200  0.6312740244127573729926439227700  0.3232487976717566269257986277800  0.0454771779154860000815574494480  
654  13.11  09.87  0.6767510326382433216707568135400  0.6312741844079078346041455915800  0.3232489673617566783292431864500  0.0454768482303354870666112219620  
656  12.25  10.35  0.6767508642424084897015745809800  0.6312743431975622598884001490600  0.3232491357575915102984254190200  0.0454765210448462298131744319110  
658  13.21  11.01  0.6767506971269711124605805707700  0.6312745007944118302845026846600  0.3232493028730288875394194292300  0.0454761963325592821760778861060  
660  14.38  09.73  0.6767505312783500537321401679900  0.6312746572109761977742437011300  0.3232494687216499462678598320000  0.0454758740673738559578964668620  
662  13.17  10.04  0.6767503666831498065903360839000  0.6312748124596065935065780649900  0.3232496333168501934096639161000  0.0454755542235432130837580189110  
