0.3691549
0.3687811
0.3686155
0.3685169
0.3684495
0.3683998
0.3683612
0.3683301
0.3683043
0.3682825
0.3682637
0.3682474
0.3682329
0.3682201
0.3682085
0.3681981
0.3681885
0.3681798
0.3681718
0.3681644
0.3681575
0.3681511
0.3681452
0.3681396
0.3681343
0.3681294
0.3681247
0.3681203
0.3681161
0.3681121
0.3681083
0.3681047
0.3681013
0.3680980
0.3680948
0.3680918
0.3680889
0.3680862
0.3680835
0.3680809
0.3680784
0.3680761
0.3680738
0.3680715
0.3680694
0.3680673
0.3680653
0.3680634
0.3680615
0.3680596
0.3680579
0.3680561
0.3680545
0.3680528
0.3680512
0.3680497
0.3680482
0.3680467
0.3680453
0.3680439
0.3680426
0.3680413
0.3680400
0.3680387
0.3680375
0.3680363
0.3680351
0.3680339
0.3680328
0.3680317
0.3680306
0.3680296
0.3680286
0.3680275
0.3680266
0.3680256
0.3680246
0.3680237
0.3680228
0.3680219
0.3680210
0.3680201
0.3680193
0.3680184
0.3680176
0.3680168
0.3680160
0.3680153
0.3680145
0.3680137
0.3680130
0.3680123
0.3680115
0.3680108
0.3680102
0.3680095
0.3680088
0.3680081
0.3680075
0.3680068
0.3680062
0.3680056
0.3680050
0.3680044
0.3680038
0.3680032
0.3680026
0.3680020
0.3680015
0.3680009
0.3680004
0.3679998
0.3679993
0.3679988
0.3679982
0.3679977
0.3679972
0.3679967
0.3679962
0.3679957
0.3679953
0.3679948
0.3679943
0.3679938
0.3679934
0.3679929
0.3679925
0.3679920
0.3679916
0.3679912
0.3679907
0.3679903
0.3679899
0.3679895
0.3679891
0.3679887
0.3679883
0.3679879
0.3679875
0.3679871
0.3679867
0.3679863
0.3679860
0.3679856
0.3679852
0.3679849
0.3679845
0.3679842
0.3679838
0.3679835
0.3679831
0.3679828
0.3679824
0.3679821
0.3679818
0.3679814
0.3679811
0.3679808
0.3679805
0.3679801
0.3679798
0.3679795
0.3679792
0.3679789
0.3679786
0.3679783
0.3679780
0.3679777
0.3679774
0.3679771
0.3679769
0.3679766
0.3679763
0.3679760
0.3679757
0.3679755
0.3679752
0.3679749
0.3679746
0.3679744
0.3679741
0.3679739
0.3679736
0.3679733
0.3679731
0.3679728
0.3679726
0.3679723
0.3679721
0.3679718
0.3679716
0.3679714
0.3679711
0.3679709
0.3679707
0.3679704
0.3679702
0.3679700
0.3679697
0.3679695
0.3679693
0.3679691
0.3679688
0.3679686
0.3679684
0.3679682
0.3679680
0.3679678
0.3679675
0.3679673
0.3679671
0.3679669
0.3679667
0.3679665
0.3679663
0.3679661
0.3679659
0.3679657
0.3679655
0.3679653
0.3679651
0.3679649
0.3679647
0.3679645
0.3679644
0.3679642
0.3679640
0.3679638
0.3679636
0.3679634
0.3679632
0.3679631
0.3679629
0.3679627
0.3679625
0.3679624
0.3679622
0.3679620
0.3679618
0.3679617
0.3679615
0.3679613
0.3679611
0.3679610
0.3679608
0.3679606
0.3679605
0.3679603
0.3679602
0.3679600
0.3679598
0.3679597
0.3679595
0.3679594
0.3679592
0.3679590
0.3679589
0.3679587
0.3679586
0.3679584
0.3679583
0.3679581
0.3679580
0.3679578
0.3679577
0.3679575
0.3679574
0.3679572
0.3679571
0.3679570
0.3679568
0.3679567
0.3679565
0.3679564
0.3679562
0.3679561
0.3679560
0.3679558
0.3679557
0.3679556
0.3679554
0.3679553
0.3679551
0.3679550
0.3679549
0.3679548
0.3679546
0.3679545
0.3679544
0.3679542
0.3679541
0.3679540
0.3679538
0.3679537
0.3679536
0.3679535
0.3679533
0.3679532
0.3679531
0.3679530
0.3679528
0.3679527
0.3679526
0.3679525
0.3679524
0.3679522
0.3679521
0.3679520
0.3679519
0.3679518
0.3679517
0.3679515
0.3679514
0.3679513
0.3679512
0.3679511
0.3679510
0.3679509
0.3679507
0.3679506
0.3679505
0.3679504
0.3679503
0.3679502
0.3679501
0.3679500
0.3679499
0.3679498
0.3679497
0.3679495
0.3679494
0.3679493
0.3679492
0.3679491
0.3679490
0.3679489
0.3679488
0.3679487
0.3679486
0.3679485
0.3679484
0.3679483
0.3679482
0.3679481
0.3679480
0.3679479
0.3679478
0.3679477
0.3679476
0.3679475
0.3679474
0.3679473
0.3679472
0.3679471
0.3679470
0.3679469
0.3679468
0.3679467
0.3679467
0.3679466
0.3679465
0.3679464
0.3679463
0.3679462
0.3679461
0.3679460
0.3679459
0.3679458
0.3679457
0.3679456
0.3679456
0.3679455
0.3679454
0.3679453
0.3679452
0.3679451
0.3679450
0.3679449
0.3679449
0.3679448
0.3679447
0.3679446
0.3679445
0.3679444
0.3679443
0.3679443
0.3679442
0.3679441
0.3679440
0.3679439
0.3679438
0.3679438
0.3679437
0.3679436
0.3679435
0.3679434
0.3679434
0.3679433
0.3679432
0.3679431
0.3679430
0.3679430
0.3679429
0.3679428
0.3679427
0.3679426
0.3679426
0.3679425
0.3679424
0.3679423
0.3679423
0.3679422
0.3679421
0.3679420
0.3679420
0.3679419
0.3679418
0.3679417
0.3679417
0.3679416
0.3679415
0.3679414
0.3679414
0.3679413
0.3679412
0.3679411
0.3679411
0.3679410
0.3679409
0.3679408
0.3679408
0.3679407
0.3679406
0.3679406
0.3679405
0.3679404
0.3679404
0.3679403
0.3679402
0.3679401
0.3679401
0.3679400
0.3679399
0.3679399
0.3679398
0.3679397
0.3679397
0.3679396
0.3679395
0.3679395
0.3679394
0.3679393
0.3679393
0.3679392
0.3679391
0.3679391
0.3679390
0.3679389
0.3679389
0.3679388
0.3679387
0.3679387
0.3679386
0.3679386
0.3679385
0.3679384
0.3679384
0.3679383
0.3679382
0.3679382
0.3679381
0.3679381
0.3679380
0.3679379
0.3679379
0.3679378
0.3679377
0.3679377
0.3679376
0.3679376
0.3679375
0.3679374
0.3679374
0.3679373
0.3679373
0.3679372
0.3679371
0.3679371
0.3679370
0.3679370
0.3679369
0.3679368
0.3679368
0.3679367
0.3679367
0.3679366
0.3679366
0.3679365
0.3679364
0.3679364
0.3679363
0.3679363
0.3679362
0.3679362
0.3679361
0.3679360
0.3679360
0.3679359
0.3679359
0.3679358
0.3679358
0.3679357
0.3679357
0.3679356
0.3679355
0.3679355
0.3679354
0.3679354
0.3679353
0.3679353
0.3679352
0.3679352
0.3679351
0.3679351
0.3679350
0.3679350
0.3679349
0.3679349
0.3679348
0.3679347
0.3679347
0.3679346
0.3679346
0.3679345
0.3679345
0.3679344
0.3679344
0.3679343
0.3679343
0.3679342
0.3679342
0.3679341
0.3679341
0.3679340
0.3679340
0.3679339
0.3679339
0.3679338
0.3679338
0.3679337
0.3679337
0.3679336
0.3679336
0.3679335
0.3679335
0.3679334
0.3679334
0.3679333
0.3679333
0.3679332
0.3679332
0.3679331
0.3679331
0.3679331
0.3679330
0.3679330
0.3679329
0.3679329
0.3679328
0.3679328
0.3679327
0.3679327
0.3679326
0.3679326
0.3679325
0.3679325
0.3679324
0.3679324
0.3679324
0.3679323
0.3679323
0.3679322
0.3679322
0.3679321
0.3679321
0.3679320
0.3679320
0.3679319
0.3679319
0.3679319
0.3679318
0.3679318
0.3679317
0.3679317
0.3679316
0.3679316
0.3679315
0.3679315
0.3679315
0.3679314
0.3679314
0.3679313
0.3679313
0.3679312
0.3679312
0.3679312
0.3679311
0.3679311
0.3679310
0.3679310
0.3679309
0.3679309
0.3679309
0.3679308
0.3679308
0.3679307
0.3679307
0.3679307
0.3679306
0.3679306
0.3679305
0.3679305
0.3679304
0.3679304
0.3679304
0.3679303
0.3679303
0.3679302
0.3679302
0.3679302
0.3679301
0.3679301
0.3679300
0.3679300
0.3679300
0.3679299
0.3679299
0.3679298
0.3679298
0.3679298
0.3679297
0.3679297
0.3679296
0.3679296
0.3679296
0.3679295
0.3679295
0.3679295
0.3679294
0.3679294
0.3679293
0.3679293
0.3679293
0.3679292
0.3679292
0.3679291
0.3679291
0.3679291
0.3679290
0.3679290
0.3679290
0.3679289
0.3679289
0.3679288
0.3679288
0.3679288
0.3679287
0.3679287
0.3679287
0.3679286
0.3679286
0.3679286
0.3679285
0.3679285
0.3679284
0.3679284
0.3679284
0.3679283
0.3679283
0.3679283
0.3679282
0.3679282
0.3679282
0.3679281
0.3679281
0.3679280
0.3679280
0.3679280
0.3679279
0.3679279
0.3679279
0.3679278
0.3679278
0.3679278
0.3679277
0.3679277
0.3679277
0.3679276
0.3679276
0.3679276
0.3679275
0.3679275
0.3679275
0.3679274
0.3679274
0.3679274
0.3679273
0.3679273
0.3679273
0.3679272
0.3679272
0.3679272
0.3679271
0.3679271
0.3679271
0.3679270
0.3679270
0.3679270
0.3679269
0.3679269
0.3679269
0.3679268
0.3679268
0.3679268
0.3679267
0.3679267
0.3679267
0.3679266
0.3679266
0.3679266
0.3679265
0.3679265
0.3679265
0.3679264
0.3679264
0.3679264
0.3679263
0.3679263
0.3679263
0.3679262
0.3679262
0.3679262
0.3679261
0.3679261
0.3679261
0.3679261
0.3679260
0.3679260
0.3679260
0.3679259
0.3679259
0.3679259
0.3679258
0.3679258
0.3679258
0.3679257
0.3679257
0.3679257
0.3679256
0.3679256
0.3679256
0.3679256
0.3679255
0.3679255
0.3679255
0.3679254
0.3679254
0.3679254
0.3679253
0.3679253
0.3679253
0.3679253
0.3679252
0.3679252
0.3679252
0.3679251
0.3679251
0.3679251
0.3679251
0.3679250
0.3679250
0.3679250
0.3679249
0.3679249
0.3679249
0.3679248
0.3679248
0.3679248
0.3679248
0.3679247
0.3679247
0.3679247
0.3679246
0.3679246
0.3679246
0.3679246
0.3679245
0.3679245
0.3679245
0.3679244
0.3679244
0.3679244
0.3679244
0.3679243
0.3679243
0.3679243
0.3679243
0.3679242
0.3679242
0.3679242
0.3679241
0.3679241
0.3679241
0.3679241
0.3679240
0.3679240
0.3679240
0.3679239
0.3679239
0.3679239
0.3679239
0.3679238
0.3679238
0.3679238
0.3679238
0.3679237
0.3679237
0.3679237
0.3679237
0.3679236
0.3679236
0.3679236
0.3679235
0.3679235
0.3679235
0.3679235
0.3679234
0.3679234
0.3679234
0.3679234
0.3679233
0.3679233
0.3679233
0.3679233
0.3679232
0.3679232
0.3679232
0.3679232
0.3679231
0.3679231
0.3679231
0.3679231
0.3679230
0.3679230
0.3679230
0.3679229
0.3679229
0.3679229
0.3679229
0.3679228
0.3679228
0.3679228
0.3679228
0.3679227
0.3679227
0.3679227
0.3679227
0.3679226
0.3679226
0.3679226
0.3679226
0.3679225
0.3679225
0.3679225
0.3679225
0.3679224
0.3679224
0.3679224
0.3679224
0.3679224
0.3679223
0.3679223
0.3679223
0.3679223
0.3679222
0.3679222
0.3679222
0.3679222
0.3679221
0.3679221
0.3679221
0.3679221
0.3679220
0.3679220
0.3679220
0.3679220
0.3679219
0.3679219
0.3679219
0.3679219
0.3679218
0.3679218
0.3679218
0.3679218
0.3679218
0.3679217
0.3679217
0.3679217
0.3679217
0.3679216
0.3679216
0.3679216
0.3679216
0.3679215
0.3679215
0.3679215
0.3679215
0.3679215
0.3679214
0.3679214
0.3679214
0.3679214
0.3679213
0.3679213
0.3679213
0.3679213
0.3679212
0.3679212
0.3679212
0.3679212
0.3679212
0.3679211
0.3679211
0.3679211
0.3679211
0.3679210
0.3679210
0.3679210
0.3679210
0.3679210
0.3679209
0.3679209
0.3679209
0.3679209
0.3679208
0.3679208
0.3679208
0.3679208
0.3679208
0.3679207
0.3679207
0.3679207
0.3679207
0.3679207
0.3679206
0.3679206
0.3679206
0.3679206
0.3679205
0.3679205
0.3679205
0.3679205
0.3679205
0.3679204
0.3679204
0.3679204
0.3679204
0.3679204
0.3679203
0.3679203
0.3679203
0.3679203
0.3679202
0.3679202
0.3679202
0.3679202
0.3679202
0.3679201
0.3679201
0.3679201
0.3679201
0.3679201
0.3679200
0.3679200
0.3679200
0.3679200
0.3679200
0.3679199
0.3679199
0.3679199
0.3679199
0.3679199
0.3679198
0.3679198
0.3679198
0.3679198
0.3679198
0.3679197
0.3679197
0.3679197
0.3679197
0.3679197
0.3679196
0.3679196
0.3679196
0.3679196
0.3679196
0.3679195
0.3679195
0.3679195
0.3679195
0.3679195
0.3679194
0.3679194
0.3679194
0.3679194
0.3679194
0.3679193
0.3679193
0.3679193
0.3679193
0.3679193
0.3679192
0.3679192
0.3679192
0.3679192
0.3679192
0.3679191
0.3679191
0.3679191
0.3679191
0.3679191
0.3679190
0.3679190
0.3679190
0.3679190
0.3679190
0.3679189
0.3679189
0.3679189
0.3679189
0.3679189
0.3679189
0.3679188
0.3679188
0.3679188
0.3679188
0.3679188
0.3679187
0.3679187
0.3679187
0.3679187
0.3679187
0.3679186
0.3679186
0.3679186
0.3679186
0.3679186
0.3679186
0.3679185
0.3679185
0.3679185
0.3679185
0.3679185
0.3679184
0.3679184
0.3679184
0.3679184
0.3679184
0.3679184
0.3679183
0.3679183
0.3679183
0.3679183
0.3679183
0.3679182
0.3679182
0.3679182
0.3679182
0.3679182
0.3679182
0.3679181
0.3679181
0.3679181
0.3679181
0.3679181
0.3679180
0.3679180
0.3679180
0.3679180
0.3679180
0.3679180
0.3679179
0.3679179
0.3679179
0.3679179
0.3679179
0.3679179
0.3679178
0.3679178
0.3679178
0.3679178
0.3679178
0.3679177
0.3679177
0.3679177
0.3679177
0.3679177
0.3679177
0.3679176
0.3679176
0.3679176
0.3679176
0.3679176
0.3679176
0.3679175
0.3679175
0.3679175
0.3679175
0.3679175
0.3679175
0.3679174
0.3679174
0.3679174
0.3679174
0.3679174
0.3679174
0.3679173
0.3679173
0.3679173
0.3679173
0.3679173
0.3679173
0.3679172
0.3679172
0.3679172
0.3679172
0.3679172
0.3679172
0.3679171
0.3679171
0.3679171
0.3679171
0.3679171
0.3679171
0.3679170
0.3679170
0.3679170
0.3679170
0.3679170
0.3679170
0.3679169
0.3679169
0.3679169
0.3679169
0.3679169
0.3679169
0.3679168
0.3679168
0.3679168
0.3679168
0.3679168
0.3679168
0.3679167
0.3679167
0.3679167
0.3679167
0.3679167
0.3679167
0.3679166
0.3679166
0.3679166
0.3679166
0.3679166
0.3679166
0.3679166
0.3679165
0.3679165
0.3679165
0.3679165
0.3679165
0.3679165
0.3679164
0.3679164
0.3679164
0.3679164
0.3679164
0.3679164
0.3679163
0.3679163
0.3679163
0.3679163
0.3679163
0.3679163
0.3679163
0.3679162
0.3679162
0.3679162
0.3679162
0.3679162
0.3679162
0.3679161
0.3679161
0.3679161
0.3679161
0.3679161
0.3679161
0.3679161
0.3679160
0.3679160
0.3679160
0.3679160
0.3679160
0.3679160
0.3679160
0.3679159
0.3679159
0.3679159
0.3679159
0.3679159
0.3679159
0.3679158
0.3679158
0.3679158
0.3679158
0.3679158
0.3679158
0.3679158
0.3679157
0.3679157
0.3679157
0.3679157
0.3679157
0.3679157
0.3679157
0.3679156
0.3679156
0.3679156
0.3679156
0.3679156
0.3679156
0.3679156
0.3679155
0.3679155
0.3679155
0.3679155
0.3679155
0.3679155
0.3679155
0.3679154
0.3679154
0.3679154
0.3679154
0.3679154
0.3679154
0.3679154
0.3679153
0.3679153
0.3679153
0.3679153
0.3679153
0.3679153
0.3679153
0.3679152
0.3679152
0.3679152
0.3679152
0.3679152
0.3679152
0.3679152
0.3679151
0.3679151
0.3679151
0.3679151
0.3679151
0.3679151
0.3679151
0.3679150
0.3679150
0.3679150
0.3679150
0.3679150
0.3679150
0.3679150
0.3679149
0.3679149
0.3679149
0.3679149
0.3679149
0.3679149
0.3679149
0.3679148
0.3679148
0.3679148
0.3679148
0.3679148
0.3679148
0.3679148
0.3679148
0.3679147
0.3679147
0.3679147
0.3679147
0.3679147
0.3679147
0.3679147
0.3679146
0.3679146
0.3679146
0.3679146
0.3679146
0.3679146
0.3679146
0.3679145
0.3679145
0.3679145
0.3679145
0.3679145
0.3679145
0.3679145
0.3679145
0.3679144
0.3679144
0.3679144
0.3679144
0.3679144
0.3679144
0.3679144
0.3679143
0.3679143
0.3679143
0.3679143
0.3679143
0.3679143
0.3679143
0.3679143
0.3679142
0.3679142
0.3679142
0.3679142
0.3679142
0.3679142
0.3679142
0.3679142
0.3679141
0.3679141
0.3679141
0.3679141
0.3679141
0.3679141
0.3679141
0.3679141
0.3679140
0.3679140
0.3679140
0.3679140
0.3679140
0.3679140
0.3679140
0.3679139
0.3679139
0.3679139
0.3679139
0.3679139
0.3679139
0.3679139
0.3679139
0.3679138
0.3679138
0.3679138
0.3679138
0.3679138
0.3679138
0.3679138
0.3679138
0.3679137
0.3679137
0.3679137
0.3679137
0.3679137
0.3679137
0.3679137
0.3679137
0.3679136
0.3679136
0.3679136
0.3679136
0.3679136
0.3679136
0.3679136
0.3679136
0.3679135
0.3679135
0.3679135
0.3679135
0.3679135
0.3679135
0.3679135
0.3679135
0.3679135
0.3679134
0.3679134
0.3679134
0.3679134
0.3679134
0.3679134
0.3679134
0.3679134
0.3679133
0.3679133
0.3679133
0.3679133
0.3679133
0.3679133
0.3679133
0.3679133
0.3679132
0.3679132
0.3679132
0.3679132
0.3679132
0.3679132
0.3679132
0.3679132
0.3679132
0.3679131
0.3679131
0.3679131
0.3679131
0.3679131
0.3679131
0.3679131
0.3679131
0.3679130
0.3679130
0.3679130
0.3679130
0.3679130
0.3679130
0.3679130
0.3679130
0.3679130
0.3679129
0.3679129
0.3679129
0.3679129
0.3679129
0.3679129
0.3679129
0.3679129
0.3679128
0.3679128
0.3679128
0.3679128
0.3679128
0.3679128
0.3679128
0.3679128
0.3679128
0.3679127
0.3679127
0.3679127
0.3679127
0.3679127
0.3679127
0.3679127
0.3679127
0.3679127
0.3679126
0.3679126
0.3679126
0.3679126
0.3679126
0.3679126
0.3679126
0.3679126
0.3679126
0.3679125
0.3679125
0.3679125
0.3679125
0.3679125
0.3679125
0.3679125
0.3679125
0.3679125
0.3679124
0.3679124
0.3679124
0.3679124
0.3679124
0.3679124
0.3679124
0.3679124
0.3679124
0.3679123
0.3679123
0.3679123
0.3679123
0.3679123
0.3679123
0.3679123
0.3679123
0.3679123
0.3679122
0.3679122
0.3679122
0.3679122
0.3679122
0.3679122
0.3679122
0.3679122
0.3679122
0.3679121
0.3679121
0.3679121
0.3679121
0.3679121
0.3679121
0.3679121
0.3679121
0.3679121
0.3679120
0.3679120
0.3679120
0.3679120
0.3679120
0.3679120
0.3679120
0.3679120
0.3679120
0.3679120
0.3679119
0.3679119
0.3679119
0.3679119
0.3679119
0.3679119
0.3679119
0.3679119
0.3679119
0.3679118
0.3679118
0.3679118
0.3679118
0.3679118
0.3679118
0.3679118
0.3679118
0.3679118
0.3679118
0.3679117
0.3679117
0.3679117
0.3679117
0.3679117
0.3679117
0.3679117
0.3679117
0.3679117
0.3679116
0.3679116
0.3679116
0.3679116
0.3679116
0.3679116
0.3679116
0.3679116
0.3679116
0.3679116
0.3679115
0.3679115
0.3679115
0.3679115
0.3679115
0.3679115
0.3679115
0.3679115
0.3679115
0.3679115
0.3679114
0.3679114
0.3679114
0.3679114
0.3679114
0.3679114
0.3679114
0.3679114
0.3679114
0.3679114
0.3679113
0.3679113
0.3679113
0.3679113
0.3679113
0.3679113
0.3679113
0.3679113
0.3679113
0.3679113
0.3679112
0.3679112
0.3679112
0.3679112
0.3679112
0.3679112
0.3679112
0.3679112
0.3679112
0.3679112
0.3679111
0.3679111
0.3679111
0.3679111
0.3679111
0.3679111
0.3679111
0.3679111
0.3679111
0.3679111
0.3679110
0.3679110
0.3679110
0.3679110
0.3679110
0.3679110
0.3679110
0.3679110
0.3679110
0.3679110
0.3679109
0.3679109
0.3679109
0.3679109
0.3679109
0.3679109
0.3679109
0.3679109
0.3679109
0.3679109
0.3679109
0.3679108
0.3679108
0.3679108
0.3679108
0.3679108
0.3679108
0.3679108
0.3679108
0.3679108
0.3679108
0.3679107
0.3679107
0.3679107
0.3679107
0.3679107
0.3679107
0.3679107
0.3679107
0.3679107
0.3679107
0.3679107
0.3679106
0.3679106
0.3679106
0.3679106
0.3679106
0.3679106
0.3679106
0.3679106
0.3679106
0.3679106
0.3679105
0.3679105
0.3679105
0.3679105
0.3679105
0.3679105
0.3679105
0.3679105
0.3679105
0.3679105
0.3679105
0.3679104
0.3679104
0.3679104
0.3679104
0.3679104
0.3679104
0.3679104
0.3679104
0.3679104
0.3679104
0.3679104
0.3679103
0.3679103
0.3679103
0.3679103
0.3679103
0.3679103
0.3679103
0.3679103
0.3679103
0.3679103
0.3679103
0.3679102
0.3679102
0.3679102
0.3679102
0.3679102
0.3679102
0.3679102
0.3679102
0.3679102
0.3679102
0.3679102
0.3679101
0.3679101
0.3679101
0.3679101
0.3679101
0.3679101
0.3679101
0.3679101
0.3679101
0.3679101
0.3679101
0.3679100
0.3679100
0.3679100
0.3679100
0.3679100
0.3679100
0.3679100
0.3679100
0.3679100
0.3679100
0.3679100
0.3679100
0.3679099
0.3679099
0.3679099
0.3679099
0.3679099
0.3679099
0.3679099
0.3679099
0.3679099
0.3679099
0.3679099
0.3679098
0.3679098
0.3679098
0.3679098
0.3679098
0.3679098
0.3679098
0.3679098
0.3679098
0.3679098
0.3679098
0.3679098
0.3679097
0.3679097
0.3679097
0.3679097
0.3679097
0.3679097
0.3679097
0.3679097
0.3679097
0.3679097
0.3679097
0.3679096
0.3679096
0.3679096
0.3679096
0.3679096
0.3679096
0.3679096
0.3679096
0.3679096
0.3679096
0.3679096
0.3679096
0.3679095
0.3679095
0.3679095
0.3679095
0.3679095
0.3679095
0.3679095
0.3679095
0.3679095
0.3679095
0.3679095
0.3679095
0.3679094
0.3679094
0.3679094
0.3679094
0.3679094
0.3679094
0.3679094
0.3679094
0.3679094
0.3679094
0.3679094
0.3679094
0.3679093
0.3679093
0.3679093
0.3679093
0.3679093
0.3679093
0.3679093
0.3679093
0.3679093
0.3679093
0.3679093
0.3679093
0.3679092
0.3679092
0.3679092
0.3679092
0.3679092
0.3679092
0.3679092
0.3679092
0.3679092
0.3679092
0.3679092
0.3679092
0.3679091
0.3679091
0.3679091
0.3679091
0.3679091
0.3679091
0.3679091
0.3679091
0.3679091
0.3679091
0.3679091
0.3679091
0.3679091
0.3679090
0.3679090
0.3679090
0.3679090
0.3679090
0.3679090
0.3679090
0.3679090
0.3679090
0.3679090
0.3679090
0.3679090
0.3679089
0.3679089
0.3679089
0.3679089
0.3679089
0.3679089
0.3679089
0.3679089
0.3679089
0.3679089
0.3679089
0.3679089
0.3679089
0.3679088
0.3679088
0.3679088
0.3679088
0.3679088
0.3679088
0.3679088
0.3679088
0.3679088
0.3679088
0.3679088
0.3679088
0.3679088
0.3679087
0.3679087
0.3679087
0.3679087
0.3679087
0.3679087
0.3679087
0.3679087
0.3679087
0.3679087
0.3679087
0.3679087
0.3679087
0.3679086
0.3679086
0.3679086
0.3679086
0.3679086
0.3679086
0.3679086
0.3679086
0.3679086
0.3679086
0.3679086
0.3679086
0.3679086
0.3679085
0.3679085
0.3679085
0.3679085
0.3679085
0.3679085
0.3679085
0.3679085
0.3679085
0.3679085
0.3679085
0.3679085
0.3679085
0.3679084
0.3679084
0.3679084
0.3679084
0.3679084
0.3679084
0.3679084
0.3679084
0.3679084
0.3679084
0.3679084
0.3679084
0.3679084
0.3679083
0.3679083
0.3679083
0.3679083
0.3679083
0.3679083
0.3679083
0.3679083
0.3679083
0.3679083
0.3679083
0.3679083
0.3679083
0.3679083
0.3679082
0.3679082
0.3679082
0.3679082
0.3679082
0.3679082
0.3679082
0.3679082
0.3679082
0.3679082
0.3679082
0.3679082
0.3679082
0.3679081
0.3679081
0.3679081
0.3679081
0.3679081
0.3679081
0.3679081
0.3679081
0.3679081
0.3679081
0.3679081
0.3679081
0.3679081
0.3679081
0.3679080
0.3679080
0.3679080
0.3679080
0.3679080
0.3679080
0.3679080
0.3679080
0.3679080
0.3679080
0.3679080
0.3679080
0.3679080
0.3679080
0.3679079
0.3679079
0.3679079
0.3679079
0.3679079
0.3679079
0.3679079
0.3679079
0.3679079
0.3679079
0.3679079
0.3679079
0.3679079
0.3679079
0.3679078
0.3679078
0.3679078
0.3679078
0.3679078
0.3679078
0.3679078
0.3679078
0.3679078
0.3679078
0.3679078
0.3679078
0.3679078
0.3679078
0.3679077
0.3679077
0.3679077
0.3679077
0.3679077
0.3679077
0.3679077
0.3679077
0.3679077
0.3679077
0.3679077
0.3679077
0.3679077
0.3679077
0.3679076
0.3679076
0.3679076
0.3679076
0.3679076
0.3679076
0.3679076
0.3679076
0.3679076
0.3679076
0.3679076
0.3679076
0.3679076
0.3679076
0.3679076
0.3679075
0.3679075
0.3679075
0.3679075
0.3679075
0.3679075
0.3679075
0.3679075
0.3679075
0.3679075
0.3679075
0.3679075
0.3679075
0.3679075
0.3679074
0.3679074
0.3679074
0.3679074
0.3679074
0.3679074
0.3679074
0.3679074
0.3679074
0.3679074
0.3679074
0.3679074
0.3679074
0.3679074
0.3679074
0.3679073
0.3679073
0.3679073
0.3679073
0.3679073
0.3679073
0.3679073
0.3679073
0.3679073
0.3679073
0.3679073
0.3679073
0.3679073
0.3679073
0.3679073
0.3679072
0.3679072
0.3679072
0.3679072
0.3679072
0.3679072
0.3679072
0.3679072
0.3679072
0.3679072
0.3679072
0.3679072
0.3679072
0.3679072
0.3679072
0.3679071
0.3679071
0.3679071
0.3679071
0.3679071
0.3679071
0.3679071
0.3679071
0.3679071
0.3679071
0.3679071
0.3679071
0.3679071
0.3679071
0.3679071
0.3679070
0.3679070
0.3679070
0.3679070
0.3679070
0.3679070
0.3679070
0.3679070
0.3679070
0.3679070
0.3679070
0.3679070
0.3679070
0.3679070
0.3679070
0.3679070
0.3679069
0.3679069
0.3679069
0.3679069
0.3679069
0.3679069
0.3679069
0.3679069
0.3679069
0.3679069
0.3679069
0.3679069
0.3679069
0.3679069
0.3679069
0.3679068
0.3679068
0.3679068
0.3679068
0.3679068
0.3679068
0.3679068
0.3679068
0.3679068
0.3679068
0.3679068
0.3679068
0.3679068
0.3679068
0.3679068
0.3679068
0.3679067
0.3679067
0.3679067
0.3679067
0.3679067
0.3679067
0.3679067
0.3679067
0.3679067
0.3679067
0.3679067
0.3679067
0.3679067
0.3679067
0.3679067
0.3679067
0.3679066
0.3679066
0.3679066
0.3679066
0.3679066
0.3679066
0.3679066
0.3679066
0.3679066
0.3679066
0.3679066
0.3679066
0.3679066
0.3679066
0.3679066
0.3679066
0.3679065
0.3679065
0.3679065
0.3679065
0.3679065
0.3679065
0.3679065
0.3679065
0.3679065
0.3679065
0.3679065
0.3679065
0.3679065
0.3679065
0.3679065
0.3679065
0.3679065
0.3679064
0.3679064
0.3679064
0.3679064
0.3679064
0.3679064
0.3679064
0.3679064
0.3679064
0.3679064
0.3679064
0.3679064
0.3679064
0.3679064
0.3679064
0.3679064
0.3679063
0.3679063
0.3679063
0.3679063
0.3679063
0.3679063
0.3679063
0.3679063
0.3679063
0.3679063
0.3679063
0.3679063
0.3679063
0.3679063
0.3679063
0.3679063
0.3679063
0.3679062
0.3679062
0.3679062
0.3679062
0.3679062
0.3679062
0.3679062
0.3679062
0.3679062
0.3679062
0.3679062
0.3679062
0.3679062
0.3679062
0.3679062
0.3679062
0.3679062
0.3679061
0.3679061
0.3679061
0.3679061
0.3679061
0.3679061
0.3679061
0.3679061
0.3679061
0.3679061
0.3679061
0.3679061
0.3679061
0.3679061
0.3679061
0.3679061
0.3679061
0.3679060
0.3679060
0.3679060
0.3679060
0.3679060
0.3679060
0.3679060
0.3679060
0.3679060
0.3679060
0.3679060
0.3679060
0.3679060
0.3679060
0.3679060
0.3679060
0.3679060
0.3679059
0.3679059
0.3679059
0.3679059
0.3679059
0.3679059
0.3679059
0.3679059
0.3679059
0.3679059
0.3679059
0.3679059
0.3679059
0.3679059
0.3679059
0.3679059
0.3679059
0.3679058
0.3679058
0.3679058
0.3679058
0.3679058
0.3679058
0.3679058
0.3679058
0.3679058
0.3679058
0.3679058
0.3679058
0.3679058
0.3679058
0.3679058
0.3679058
0.3679058
0.3679058
0.3679057
0.3679057
0.3679057
0.3679057
0.3679057
0.3679057
0.3679057
0.3679057
0.3679057
0.3679057
0.3679057
0.3679057
0.3679057
0.3679057
0.3679057
0.3679057
0.3679057
0.3679057
0.3679056
0.3679056
0.3679056
0.3679056
0.3679056
0.3679056
0.3679056
0.3679056
0.3679056
0.3679056
0.3679056
0.3679056
0.3679056
0.3679056
0.3679056
0.3679056
0.3679056
0.3679056
0.3679055
0.3679055
0.3679055
0.3679055
0.3679055
0.3679055
0.3679055
0.3679055
0.3679055
0.3679055
0.3679055
0.3679055
0.3679055
0.3679055
0.3679055
0.3679055
0.3679055
0.3679055
0.3679054
0.3679054
0.3679054
0.3679054
0.3679054
0.3679054
0.3679054
0.3679054
0.3679054
0.3679054
0.3679054
0.3679054
0.3679054
0.3679054
0.3679054
0.3679054
0.3679054
0.3679054
0.3679054
0.3679053
0.3679053
0.3679053
0.3679053
0.3679053
0.3679053
0.3679053
0.3679053
0.3679053
0.3679053
0.3679053
0.3679053
0.3679053
0.3679053
0.3679053
0.3679053
0.3679053
0.3679053
0.3679052
0.3679052
0.3679052
0.3679052
0.3679052
0.3679052
0.3679052
0.3679052
0.3679052
0.3679052
0.3679052
0.3679052
0.3679052
0.3679052
0.3679052
0.3679052
0.3679052
0.3679052
0.3679052
0.3679051
0.3679051
0.3679051
0.3679051
0.3679051
0.3679051
0.3679051
0.3679051
0.3679051
0.3679051
0.3679051
0.3679051
0.3679051
0.3679051
0.3679051
0.3679051
0.3679051
0.3679051
0.3679051
0.3679050
0.3679050
0.3679050
0.3679050
0.3679050
0.3679050
0.3679050
0.3679050
0.3679050
0.3679050
0.3679050
0.3679050
0.3679050
0.3679050
0.3679050
0.3679050
0.3679050
0.3679050
0.3679050
0.3679050
0.3679049
0.3679049
0.3679049
0.3679049
0.3679049
0.3679049
0.3679049
0.3679049
0.3679049
0.3679049
0.3679049
0.3679049
0.3679049
0.3679049
0.3679049
0.3679049
0.3679049
0.3679049
0.3679049
0.3679048
0.3679048
0.3679048
0.3679048
0.3679048
0.3679048
0.3679048
0.3679048
0.3679048
0.3679048
0.3679048
0.3679048
0.3679048
0.3679048
0.3679048
0.3679048
0.3679048
0.3679048
0.3679048
0.3679048
0.3679047
0.3679047
0.3679047
0.3679047
0.3679047
0.3679047
0.3679047
0.3679047
0.3679047
0.3679047
0.3679047
0.3679047
0.3679047
0.3679047
0.3679047
0.3679047
0.3679047
0.3679047
0.3679047
0.3679047
0.3679046
0.3679046
0.3679046
0.3679046
0.3679046
0.3679046
0.3679046
0.3679046
0.3679046
0.3679046
0.3679046
0.3679046
0.3679046
0.3679046
0.3679046
0.3679046
0.3679046
0.3679046
0.3679046
0.3679046
0.3679045
0.3679045
0.3679045
0.3679045
0.3679045
0.3679045
0.3679045
0.3679045
0.3679045
0.3679045
0.3679045
0.3679045
0.3679045
0.3679045
0.3679045
0.3679045
0.3679045
0.3679045
0.3679045
0.3679045
0.3679045
0.3679044
0.3679044
0.3679044
0.3679044
0.3679044
0.3679044
0.3679044
0.3679044
0.3679044
0.3679044
0.3679044
0.3679044
0.3679044
0.3679044
0.3679044
0.3679044
0.3679044
0.3679044
0.3679044
0.3679044
0.3679044
0.3679043
0.3679043
0.3679043
0.3679043
0.3679043
0.3679043
0.3679043
0.3679043
0.3679043
0.3679043
0.3679043
0.3679043
0.3679043
0.3679043
0.3679043
0.3679043
0.3679043
0.3679043
0.3679043
0.3679043
0.3679043
0.3679042
0.3679042
0.3679042
0.3679042
0.3679042
0.3679042
0.3679042
0.3679042
0.3679042
0.3679042
0.3679042
0.3679042
0.3679042
0.3679042
0.3679042
0.3679042
0.3679042
0.3679042
0.3679042
0.3679042
0.3679042
0.3679041
0.3679041
0.3679041
0.3679041
0.3679041
0.3679041
0.3679041
0.3679041
0.3679041
0.3679041
0.3679041
0.3679041
0.3679041
0.3679041
0.3679041
0.3679041
0.3679041
0.3679041
0.3679041
0.3679041
0.3679041
0.3679040
0.3679040
0.3679040
0.3679040
0.3679040
0.3679040
0.3679040
0.3679040
0.3679040
0.3679040
0.3679040
0.3679040
0.3679040
0.3679040
0.3679040
0.3679040
0.3679040
0.3679040
0.3679040
0.3679040
0.3679040
0.3679040
0.3679039
0.3679039
0.3679039
0.3679039
0.3679039
0.3679039
0.3679039
0.3679039
0.3679039
0.3679039
0.3679039
0.3679039
0.3679039
0.3679039
0.3679039
0.3679039
0.3679039
0.3679039
0.3679039
0.3679039
0.3679039
0.3679039
0.3679038
0.3679038
0.3679038
0.3679038
0.3679038
0.3679038
0.3679038
0.3679038
0.3679038
0.3679038
0.3679038
0.3679038
0.3679038
0.3679038
0.3679038
0.3679038
0.3679038
0.3679038
0.3679038
0.3679038
0.3679038
0.3679038
0.3679038
0.3679037
0.3679037
0.3679037
0.3679037
0.3679037
0.3679037
0.3679037
0.3679037
0.3679037
0.3679037
0.3679037
0.3679037
0.3679037
0.3679037
0.3679037
0.3679037
0.3679037
0.3679037
0.3679037
0.3679037
0.3679037
0.3679037
0.3679036
0.3679036
0.3679036
0.3679036
0.3679036
0.3679036
0.3679036
0.3679036
0.3679036
0.3679036
0.3679036
0.3679036
0.3679036
0.3679036
0.3679036
0.3679036
0.3679036
0.3679036
0.3679036
0.3679036
0.3679036
0.3679036
0.3679036
0.3679035
0.3679035
0.3679035
0.3679035
0.3679035
0.3679035
0.3679035
0.3679035
0.3679035
0.3679035
0.3679035
0.3679035
0.3679035
0.3679035
0.3679035
0.3679035
0.3679035
0.3679035
0.3679035
0.3679035
0.3679035
0.3679035
0.3679035
0.3679034
0.3679034
0.3679034
0.3679034
0.3679034
0.3679034
0.3679034
0.3679034
0.3679034
0.3679034
0.3679034
0.3679034
0.3679034
0.3679034
0.3679034
0.3679034
0.3679034
0.3679034
0.3679034
0.3679034
0.3679034
0.3679034
0.3679034
0.3679034
0.3679033
0.3679033
0.3679033
0.3679033
0.3679033
0.3679033
0.3679033
0.3679033
0.3679033
0.3679033
0.3679033
0.3679033
0.3679033
0.3679033
0.3679033
0.3679033
0.3679033
0.3679033
0.3679033
0.3679033
0.3679033
0.3679033
0.3679033
0.3679032
0.3679032
0.3679032
0.3679032
0.3679032
0.3679032
0.3679032
0.3679032
0.3679032
0.3679032
0.3679032
0.3679032
0.3679032
0.3679032
0.3679032
0.3679032
0.3679032
0.3679032
0.3679032
0.3679032
0.3679032
0.3679032
0.3679032
0.3679032
0.3679032
0.3679031
0.3679031
0.3679031
0.3679031
0.3679031
0.3679031
0.3679031
0.3679031
0.3679031
0.3679031
0.3679031
0.3679031
0.3679031
0.3679031
0.3679031
0.3679031
0.3679031
0.3679031
0.3679031
0.3679031
0.3679031
0.3679031
0.3679031
0.3679031
0.3679030
0.3679030
0.3679030
0.3679030
0.3679030
0.3679030
0.3679030
0.3679030
0.3679030
0.3679030
0.3679030
0.3679030
0.3679030
0.3679030
0.3679030
0.3679030
0.3679030
0.3679030
0.3679030
0.3679030
0.3679030
0.3679030
0.3679030
0.3679030
0.3679030
0.3679029
0.3679029
0.3679029
0.3679029
0.3679029
0.3679029
0.3679029
0.3679029
0.3679029
0.3679029
0.3679029
0.3679029
0.3679029
0.3679029
0.3679029
0.3679029
0.3679029
0.3679029
0.3679029
0.3679029
0.3679029
0.3679029
0.3679029
0.3679029
0.3679029
0.3679028
0.3679028
0.3679028
0.3679028
0.3679028
0.3679028
0.3679028
0.3679028
0.3679028
0.3679028
0.3679028
0.3679028
0.3679028
0.3679028
0.3679028
0.3679028
0.3679028
0.3679028
0.3679028
0.3679028
0.3679028
0.3679028
0.3679028
0.3679028
0.3679028
0.3679027
0.3679027
0.3679027
0.3679027
0.3679027
0.3679027
0.3679027
0.3679027
0.3679027
0.3679027
0.3679027
0.3679027
0.3679027
0.3679027
0.3679027
0.3679027
0.3679027
0.3679027
0.3679027
0.3679027
0.3679027
0.3679027
0.3679027
0.3679027
0.3679027
0.3679027
0.3679026
0.3679026
0.3679026
0.3679026
0.3679026
0.3679026
0.3679026
0.3679026
0.3679026
0.3679026
0.3679026
0.3679026
0.3679026
0.3679026
0.3679026
0.3679026
0.3679026
0.3679026
0.3679026
0.3679026
0.3679026
0.3679026
0.3679026
0.3679026
0.3679026
0.3679026
0.3679025
0.3679025
0.3679025
0.3679025
0.3679025
0.3679025
0.3679025
0.3679025
0.3679025
0.3679025
0.3679025
0.3679025
0.3679025
0.3679025
0.3679025
0.3679025
0.3679025
0.3679025
0.3679025
0.3679025
0.3679025
0.3679025
0.3679025
0.3679025
0.3679025
0.3679025
0.3679024
0.3679024
0.3679024
0.3679024
0.3679024
0.3679024
0.3679024
0.3679024
0.3679024
0.3679024
0.3679024
0.3679024
0.3679024
0.3679024
0.3679024
0.3679024
0.3679024
0.3679024
0.3679024
0.3679024
0.3679024
0.3679024
0.3679024
0.3679024
0.3679024
0.3679024
0.3679024
0.3679023
0.3679023
0.3679023
0.3679023
0.3679023
0.3679023
0.3679023
0.3679023
0.3679023
0.3679023
0.3679023
0.3679023
0.3679023
0.3679023
0.3679023
0.3679023
0.3679023
0.3679023
0.3679023
0.3679023
0.3679023
0.3679023
0.3679023
0.3679023
0.3679023
0.3679023
0.3679023
0.3679022
0.3679022
0.3679022
0.3679022
0.3679022
0.3679022
0.3679022
0.3679022
0.3679022
0.3679022
0.3679022
0.3679022
0.3679022
0.3679022
0.3679022
0.3679022
0.3679022
0.3679022
0.3679022
0.3679022
0.3679022
0.3679022
0.3679022
0.3679022
0.3679022
0.3679022
0.3679022
0.3679021
0.3679021
0.3679021
0.3679021
0.3679021
0.3679021
0.3679021
0.3679021
0.3679021
0.3679021
0.3679021
0.3679021
0.3679021
0.3679021
0.3679021
0.3679021
0.3679021
0.3679021
0.3679021
0.3679021
0.3679021
0.3679021
0.3679021
0.3679021
0.3679021
0.3679021
0.3679021
0.3679021
0.3679020
0.3679020
0.3679020
0.3679020
0.3679020
0.3679020
0.3679020
0.3679020
0.3679020
0.3679020
0.3679020
0.3679020
0.3679020
0.3679020
0.3679020
0.3679020
0.3679020
0.3679020
0.3679020
0.3679020
0.3679020
0.3679020
0.3679020
0.3679020
0.3679020
0.3679020
0.3679020
0.3679020
0.3679019
0.3679019
0.3679019
0.3679019
0.3679019
0.3679019
0.3679019
0.3679019
0.3679019
0.3679019
0.3679019
0.3679019
0.3679019
0.3679019
0.3679019
0.3679019
0.3679019
0.3679019
0.3679019
0.3679019
0.3679019
0.3679019
0.3679019
0.3679019
0.3679019
0.3679019
0.3679019
0.3679019
0.3679018
0.3679018
0.3679018
0.3679018
0.3679018
0.3679018
0.3679018
0.3679018
0.3679018
0.3679018
0.3679018
0.3679018
0.3679018
0.3679018
0.3679018
0.3679018
0.3679018
0.3679018
0.3679018
0.3679018
0.3679018
0.3679018
0.3679018
0.3679018
0.3679018
0.3679018
0.3679018
0.3679018
0.3679018
0.3679017
0.3679017
0.3679017
0.3679017
0.3679017
0.3679017
0.3679017
0.3679017
0.3679017
0.3679017
0.3679017
0.3679017
0.3679017
0.3679017
0.3679017
0.3679017
0.3679017
0.3679017
0.3679017
0.3679017
0.3679017
0.3679017
0.3679017
0.3679017
0.3679017
0.3679017
0.3679017
0.3679017
0.3679017
0.3679016
0.3679016
0.3679016
0.3679016
0.3679016
0.3679016
0.3679016
0.3679016
0.3679016
0.3679016
0.3679016
0.3679016
0.3679016
0.3679016
0.3679016
0.3679016
0.3679016
0.3679016
0.3679016
0.3679016
0.3679016
0.3679016
0.3679016
0.3679016
0.3679016
0.3679016
0.3679016
0.3679016
0.3679016
0.3679016
0.3679015
0.3679015
0.3679015
0.3679015
0.3679015
0.3679015
0.3679015
0.3679015
0.3679015
0.3679015
0.3679015
0.3679015
0.3679015
0.3679015
0.3679015
0.3679015
0.3679015
0.3679015
0.3679015
0.3679015
0.3679015
0.3679015
0.3679015
0.3679015
0.3679015
0.3679015
0.3679015
0.3679015
0.3679015
0.3679015
0.3679014
0.3679014
0.3679014
0.3679014
0.3679014
0.3679014
0.3679014
0.3679014
0.3679014
0.3679014
0.3679014
0.3679014
0.3679014
0.3679014
0.3679014
0.3679014
0.3679014
0.3679014
0.3679014
0.3679014
0.3679014
0.3679014
0.3679014
0.3679014
0.3679014
0.3679014
0.3679014
0.3679014
0.3679014
0.3679014
0.3679014
0.3679013
0.3679013
0.3679013
0.3679013
0.3679013
0.3679013
0.3679013
0.3679013
0.3679013
0.3679013
0.3679013
0.3679013
0.3679013
0.3679013
0.3679013
0.3679013
0.3679013
0.3679013
0.3679013
0.3679013
0.3679013
0.3679013
0.3679013
0.3679013
0.3679013
0.3679013
0.3679013
0.3679013
0.3679013
0.3679013
0.3679012
0.3679012
0.3679012
0.3679012
0.3679012
0.3679012
0.3679012
0.3679012
0.3679012
0.3679012
0.3679012
0.3679012
0.3679012
0.3679012
0.3679012
0.3679012
0.3679012
0.3679012
0.3679012
0.3679012
0.3679012
0.3679012
0.3679012
0.3679012
0.3679012
0.3679012
0.3679012
0.3679012
0.3679012
0.3679012
0.3679012
0.3679012
0.3679011
0.3679011
0.3679011
0.3679011
0.3679011
0.3679011
0.3679011
0.3679011
0.3679011
0.3679011
0.3679011
0.3679011
0.3679011
0.3679011
0.3679011
0.3679011
0.3679011
0.3679011
0.3679011
0.3679011
0.3679011
0.3679011
0.3679011
0.3679011
0.3679011
0.3679011
0.3679011
0.3679011
0.3679011
0.3679011
0.3679011
0.3679010
0.3679010
0.3679010
0.3679010
0.3679010
0.3679010
0.3679010
0.3679010
0.3679010
0.3679010
0.3679010
0.3679010
0.3679010
0.3679010
0.3679010
0.3679010
0.3679010
0.3679010
0.3679010
0.3679010
0.3679010
0.3679010
0.3679010
0.3679010
0.3679010
0.3679010
0.3679010
0.3679010
0.3679010
0.3679010
0.3679010
0.3679010
0.3679010
0.3679009
0.3679009
0.3679009
0.3679009
0.3679009
0.3679009
0.3679009
0.3679009
0.3679009
0.3679009
0.3679009
0.3679009
0.3679009
0.3679009
0.3679009
0.3679009
0.3679009
0.3679009
0.3679009
0.3679009
0.3679009
0.3679009
0.3679009
0.3679009
0.3679009
0.3679009
0.3679009
0.3679009
0.3679009
0.3679009
0.3679009
0.3679009
0.3679008
0.3679008
0.3679008
0.3679008
0.3679008
0.3679008
0.3679008
0.3679008
0.3679008
0.3679008
0.3679008
0.3679008
0.3679008
0.3679008
0.3679008
0.3679008
0.3679008
0.3679008
0.3679008
0.3679008
0.3679008
0.3679008
0.3679008
0.3679008
0.3679008
0.3679008
0.3679008
0.3679008
0.3679008
0.3679008
0.3679008
0.3679008
0.3679008
0.3679007
0.3679007
0.3679007
0.3679007
0.3679007
0.3679007
0.3679007
0.3679007
0.3679007
0.3679007
0.3679007
0.3679007
0.3679007
0.3679007
0.3679007
0.3679007
0.3679007
0.3679007
0.3679007
0.3679007
0.3679007
0.3679007
0.3679007
0.3679007
0.3679007
0.3679007
0.3679007
0.3679007
0.3679007
0.3679007
0.3679007
0.3679007
0.3679007
0.3679007
0.3679006
0.3679006
0.3679006
0.3679006
0.3679006
0.3679006
0.3679006
0.3679006
0.3679006
0.3679006
0.3679006
0.3679006
0.3679006
0.3679006
0.3679006
0.3679006
0.3679006
0.3679006
0.3679006
0.3679006
0.3679006
0.3679006
0.3679006
0.3679006
0.3679006
0.3679006
0.3679006
0.3679006
0.3679006
0.3679006
0.3679006
0.3679006
0.3679006
0.3679006
0.3679005
0.3679005
0.3679005
0.3679005
0.3679005
0.3679005
0.3679005
0.3679005
0.3679005
0.3679005
0.3679005
0.3679005
0.3679005
0.3679005
0.3679005
0.3679005
0.3679005
0.3679005
0.3679005
0.3679005
0.3679005
0.3679005
0.3679005
0.3679005
0.3679005
0.3679005
0.3679005
0.3679005
0.3679005
0.3679005
0.3679005
0.3679005
0.3679005
0.3679005
0.3679005
0.3679004
0.3679004
0.3679004
0.3679004
0.3679004
0.3679004
0.3679004
0.3679004
0.3679004
0.3679004
0.3679004
0.3679004
0.3679004
0.3679004
0.3679004
0.3679004
0.3679004
0.3679004
0.3679004
0.3679004
0.3679004
0.3679004
0.3679004
0.3679004
0.3679004
0.3679004
0.3679004
0.3679004
0.3679004
0.3679004
0.3679004
0.3679004
0.3679004
0.3679004
0.3679004
0.3679003
0.3679003
0.3679003
0.3679003
0.3679003
0.3679003
0.3679003
0.3679003
0.3679003
0.3679003
0.3679003
0.3679003
0.3679003
0.3679003
0.3679003
0.3679003
0.3679003
0.3679003
0.3679003
0.3679003
0.3679003
0.3679003
0.3679003
0.3679003
0.3679003
0.3679003
0.3679003
0.3679003
0.3679003
0.3679003
0.3679003
0.3679003
0.3679003
0.3679003
0.3679003
0.3679002
0.3679002
0.3679002
0.3679002
0.3679002
0.3679002
0.3679002
0.3679002
0.3679002
0.3679002
0.3679002
0.3679002
0.3679002
0.3679002
0.3679002
0.3679002
0.3679002
0.3679002
0.3679002
0.3679002
0.3679002
0.3679002
0.3679002
0.3679002
0.3679002
0.3679002
0.3679002
0.3679002
0.3679002
0.3679002
0.3679002
0.3679002
0.3679002
0.3679002
0.3679002
0.3679002
0.3679001
0.3679001
0.3679001
0.3679001
0.3679001
0.3679001
0.3679001
0.3679001
0.3679001
0.3679001
0.3679001
0.3679001
0.3679001
0.3679001
0.3679001
0.3679001
0.3679001
0.3679001
0.3679001
0.3679001
0.3679001
0.3679001
0.3679001
0.3679001
0.3679001
0.3679001
0.3679001
0.3679001
0.3679001
0.3679001
0.3679001
0.3679001
0.3679001
0.3679001
0.3679001
0.3679001
0.3679001
0.3679000
0.3679000
0.3679000
0.3679000
0.3679000
0.3679000
0.3679000
0.3679000
0.3679000
0.3679000
0.3679000
0.3679000
0.3679000
0.3679000
0.3679000
0.3679000
0.3679000
0.3679000
0.3679000
0.3679000
0.3679000
0.3679000
0.3679000
0.3679000
0.3679000
0.3679000
0.3679000
0.3679000
0.3679000
0.3679000
0.3679000
0.3679000
0.3679000
0.3679000
0.3679000
0.3679000
0.3679000
0.3678999
0.3678999
0.3678999
0.3678999
0.3678999
0.3678999
0.3678999
0.3678999
0.3678999
0.3678999
0.3678999
0.3678999
0.3678999
0.3678999
0.3678999
0.3678999
0.3678999
0.3678999
0.3678999
0.3678999
0.3678999
0.3678999
0.3678999
0.3678999
0.3678999
0.3678999
0.3678999
0.3678999
0.3678999
0.3678999
0.3678999
0.3678999
0.3678999
0.3678999
0.3678999
0.3678999
0.3678999
0.3678998
0.3678998
0.3678998
0.3678998
0.3678998
0.3678998
0.3678998
0.3678998
0.3678998
0.3678998
0.3678998
0.3678998
0.3678998
0.3678998
0.3678998
0.3678998
0.3678998
0.3678998
0.3678998
0.3678998
0.3678998
0.3678998
0.3678998
0.3678998
0.3678998
0.3678998
0.3678998
0.3678998
0.3678998
0.3678998
0.3678998
0.3678998
0.3678998
0.3678998
0.3678998
0.3678998
0.3678998
0.3678998
0.3678998
0.3678997
0.3678997
0.3678997
0.3678997
0.3678997
0.3678997
0.3678997
0.3678997
0.3678997
0.3678997
0.3678997
0.3678997
0.3678997
0.3678997
0.3678997
0.3678997
0.3678997
0.3678997
0.3678997
0.3678997
0.3678997
0.3678997
0.3678997
0.3678997
0.3678997
0.3678997
0.3678997
0.3678997
0.3678997
0.3678997
0.3678997
0.3678997
0.3678997
0.3678997
0.3678997
0.3678997
0.3678997
0.3678997
0.3678996
0.3678996
0.3678996
0.3678996
0.3678996
0.3678996
0.3678996
0.3678996
0.3678996
0.3678996
0.3678996
0.3678996
0.3678996
0.3678996
0.3678996
0.3678996
0.3678996
0.3678996
0.3678996
0.3678996
0.3678996
0.3678996
0.3678996
0.3678996
0.3678996
0.3678996
0.3678996
0.3678996
0.3678996
0.3678996
0.3678996
0.3678996
0.3678996
0.3678996
0.3678996
0.3678996
0.3678996
0.3678996
0.3678996
0.3678996
0.3678995
0.3678995
0.3678995
0.3678995
