0.36 91 54 9
0.36 87 81 1
0.36 86 15 5
0.36 85 16 9
0.36 84 49 5
0.36 83 99 8
0.36 83 61 2
0.36 83 30 1
0.36 83 04 3
0.36 82 82 5
0.36 82 63 7
0.36 82 47 4
0.36 82 32 9
0.36 82 20 1
0.36 82 08 5
0.36 81 98 1
0.36 81 88 5
0.36 81 79 8
0.36 81 71 8
0.36 81 64 4
0.36 81 57 5
0.36 81 51 1
0.36 81 45 2
0.36 81 39 6
0.36 81 34 3
0.36 81 29 4
0.36 81 24 7
0.36 81 20 3
0.36 81 16 1
0.36 81 12 1
0.36 81 08 3
0.36 81 04 7
0.36 81 01 3
0.36 80 98 0
0.36 80 94 8
0.36 80 91 8
0.36 80 88 9
0.36 80 86 2
0.36 80 83 5
0.36 80 80 9
0.36 80 78 4
0.36 80 76 1
0.36 80 73 8
0.36 80 71 5
0.36 80 69 4
0.36 80 67 3
0.36 80 65 3
0.36 80 63 4
0.36 80 61 5
0.36 80 59 6
0.36 80 57 9
0.36 80 56 1
0.36 80 54 5
0.36 80 52 8
0.36 80 51 2
0.36 80 49 7
0.36 80 48 2
0.36 80 46 7
0.36 80 45 3
0.36 80 43 9
0.36 80 42 6
0.36 80 41 3
0.36 80 40 0
0.36 80 38 7
0.36 80 37 5
0.36 80 36 3
0.36 80 35 1
0.36 80 33 9
0.36 80 32 8
0.36 80 31 7
0.36 80 30 6
0.36 80 29 6
0.36 80 28 6
0.36 80 27 5
0.36 80 26 6
0.36 80 25 6
0.36 80 24 6
0.36 80 23 7
0.36 80 22 8
0.36 80 21 9
0.36 80 21 0
0.36 80 20 1
0.36 80 19 3
0.36 80 18 4
0.36 80 17 6
0.36 80 16 8
0.36 80 16 0
0.36 80 15 3
0.36 80 14 5
0.36 80 13 7
0.36 80 13 0
0.36 80 12 3
0.36 80 11 5
0.36 80 10 8
0.36 80 10 2
0.36 80 09 5
0.36 80 08 8
0.36 80 08 1
0.36 80 07 5
0.36 80 06 8
0.36 80 06 2
0.36 80 05 6
0.36 80 05 0
0.36 80 04 4
0.36 80 03 8
0.36 80 03 2
0.36 80 02 6
0.36 80 02 0
0.36 80 01 5
0.36 80 00 9
0.36 80 00 4
0.36 79 99 8
0.36 79 99 3
0.36 79 98 8
0.36 79 98 2
0.36 79 97 7
0.36 79 97 2
0.36 79 96 7
0.36 79 96 2
0.36 79 95 7
0.36 79 95 3
0.36 79 94 8
0.36 79 94 3
0.36 79 93 8
0.36 79 93 4
0.36 79 92 9
0.36 79 92 5
0.36 79 92 0
0.36 79 91 6
0.36 79 91 2
0.36 79 90 7
0.36 79 90 3
0.36 79 89 9
0.36 79 89 5
0.36 79 89 1
0.36 79 88 7
0.36 79 88 3
0.36 79 87 9
0.36 79 87 5
0.36 79 87 1
0.36 79 86 7
0.36 79 86 3
0.36 79 86 0
0.36 79 85 6
0.36 79 85 2
0.36 79 84 9
0.36 79 84 5
0.36 79 84 2
0.36 79 83 8
0.36 79 83 5
0.36 79 83 1
0.36 79 82 8
0.36 79 82 4
0.36 79 82 1
0.36 79 81 8
0.36 79 81 4
0.36 79 81 1
0.36 79 80 8
0.36 79 80 5
0.36 79 80 1
0.36 79 79 8
0.36 79 79 5
0.36 79 79 2
0.36 79 78 9
0.36 79 78 6
0.36 79 78 3
0.36 79 78 0
0.36 79 77 7
0.36 79 77 4
0.36 79 77 1
0.36 79 76 9
0.36 79 76 6
0.36 79 76 3
0.36 79 76 0
0.36 79 75 7
0.36 79 75 5
0.36 79 75 2
0.36 79 74 9
0.36 79 74 6
0.36 79 74 4
0.36 79 74 1
0.36 79 73 9
0.36 79 73 6
0.36 79 73 3
0.36 79 73 1
0.36 79 72 8
0.36 79 72 6
0.36 79 72 3
0.36 79 72 1
0.36 79 71 8
0.36 79 71 6
0.36 79 71 4
0.36 79 71 1
0.36 79 70 9
0.36 79 70 7
0.36 79 70 4
0.36 79 70 2
0.36 79 70 0
0.36 79 69 7
0.36 79 69 5
0.36 79 69 3
0.36 79 69 1
0.36 79 68 8
0.36 79 68 6
0.36 79 68 4
0.36 79 68 2
0.36 79 68 0
0.36 79 67 8
0.36 79 67 5
0.36 79 67 3
0.36 79 67 1
0.36 79 66 9
0.36 79 66 7
0.36 79 66 5
0.36 79 66 3
0.36 79 66 1
0.36 79 65 9
0.36 79 65 7
0.36 79 65 5
0.36 79 65 3
0.36 79 65 1
0.36 79 64 9
0.36 79 64 7
0.36 79 64 5
0.36 79 64 4
0.36 79 64 2
0.36 79 64 0
0.36 79 63 8
0.36 79 63 6
0.36 79 63 4
0.36 79 63 2
0.36 79 63 1
0.36 79 62 9
0.36 79 62 7
0.36 79 62 5
0.36 79 62 4
0.36 79 62 2
0.36 79 62 0
0.36 79 61 8
0.36 79 61 7
0.36 79 61 5
0.36 79 61 3
0.36 79 61 1
0.36 79 61 0
0.36 79 60 8
0.36 79 60 6
0.36 79 60 5
0.36 79 60 3
0.36 79 60 2
0.36 79 60 0
0.36 79 59 8
0.36 79 59 7
0.36 79 59 5
0.36 79 59 4
0.36 79 59 2
0.36 79 59 0
0.36 79 58 9
0.36 79 58 7
0.36 79 58 6
0.36 79 58 4
0.36 79 58 3
0.36 79 58 1
0.36 79 58 0
0.36 79 57 8
0.36 79 57 7
0.36 79 57 5
0.36 79 57 4
0.36 79 57 2
0.36 79 57 1
0.36 79 57 0
0.36 79 56 8
0.36 79 56 7
0.36 79 56 5
0.36 79 56 4
0.36 79 56 2
0.36 79 56 1
0.36 79 56 0
0.36 79 55 8
0.36 79 55 7
0.36 79 55 6
0.36 79 55 4
0.36 79 55 3
0.36 79 55 1
0.36 79 55 0
0.36 79 54 9
0.36 79 54 8
0.36 79 54 6
0.36 79 54 5
0.36 79 54 4
0.36 79 54 2
0.36 79 54 1
0.36 79 54 0
0.36 79 53 8
0.36 79 53 7
0.36 79 53 6
0.36 79 53 5
0.36 79 53 3
0.36 79 53 2
0.36 79 53 1
0.36 79 53 0
0.36 79 52 8
0.36 79 52 7
0.36 79 52 6
0.36 79 52 5
0.36 79 52 4
0.36 79 52 2
0.36 79 52 1
0.36 79 52 0
0.36 79 51 9
0.36 79 51 8
0.36 79 51 7
0.36 79 51 5
0.36 79 51 4
0.36 79 51 3
0.36 79 51 2
0.36 79 51 1
0.36 79 51 0
0.36 79 50 9
0.36 79 50 7
0.36 79 50 6
0.36 79 50 5
0.36 79 50 4
0.36 79 50 3
0.36 79 50 2
0.36 79 50 1
0.36 79 50 0
0.36 79 49 9
0.36 79 49 8
0.36 79 49 7
0.36 79 49 5
0.36 79 49 4
0.36 79 49 3
0.36 79 49 2
0.36 79 49 1
0.36 79 49 0
0.36 79 48 9
0.36 79 48 8
0.36 79 48 7
0.36 79 48 6
0.36 79 48 5
0.36 79 48 4
0.36 79 48 3
0.36 79 48 2
0.36 79 48 1
0.36 79 48 0
0.36 79 47 9
0.36 79 47 8
0.36 79 47 7
0.36 79 47 6
0.36 79 47 5
0.36 79 47 4
0.36 79 47 3
0.36 79 47 2
0.36 79 47 1
0.36 79 47 0
0.36 79 46 9
0.36 79 46 8
0.36 79 46 7
0.36 79 46 7
0.36 79 46 6
0.36 79 46 5
0.36 79 46 4
0.36 79 46 3
0.36 79 46 2
0.36 79 46 1
0.36 79 46 0
0.36 79 45 9
0.36 79 45 8
0.36 79 45 7
0.36 79 45 6
0.36 79 45 6
0.36 79 45 5
0.36 79 45 4
0.36 79 45 3
0.36 79 45 2
0.36 79 45 1
0.36 79 45 0
0.36 79 44 9
0.36 79 44 9
0.36 79 44 8
0.36 79 44 7
0.36 79 44 6
0.36 79 44 5
0.36 79 44 4
0.36 79 44 3
0.36 79 44 3
0.36 79 44 2
0.36 79 44 1
0.36 79 44 0
0.36 79 43 9
0.36 79 43 8
0.36 79 43 8
0.36 79 43 7
0.36 79 43 6
0.36 79 43 5
0.36 79 43 4
0.36 79 43 4
0.36 79 43 3
0.36 79 43 2
0.36 79 43 1
0.36 79 43 0
0.36 79 43 0
0.36 79 42 9
0.36 79 42 8
0.36 79 42 7
0.36 79 42 6
0.36 79 42 6
0.36 79 42 5
0.36 79 42 4
0.36 79 42 3
0.36 79 42 3
0.36 79 42 2
0.36 79 42 1
0.36 79 42 0
0.36 79 42 0
0.36 79 41 9
0.36 79 41 8
0.36 79 41 7
0.36 79 41 7
0.36 79 41 6
0.36 79 41 5
0.36 79 41 4
0.36 79 41 4
0.36 79 41 3
0.36 79 41 2
0.36 79 41 1
0.36 79 41 1
0.36 79 41 0
0.36 79 40 9
0.36 79 40 8
0.36 79 40 8
0.36 79 40 7
0.36 79 40 6
0.36 79 40 6
0.36 79 40 5
0.36 79 40 4
0.36 79 40 4
0.36 79 40 3
0.36 79 40 2
0.36 79 40 1
0.36 79 40 1
0.36 79 40 0
0.36 79 39 9
0.36 79 39 9
0.36 79 39 8
0.36 79 39 7
0.36 79 39 7
0.36 79 39 6
0.36 79 39 5
0.36 79 39 5
0.36 79 39 4
0.36 79 39 3
0.36 79 39 3
0.36 79 39 2
0.36 79 39 1
0.36 79 39 1
0.36 79 39 0
0.36 79 38 9
0.36 79 38 9
0.36 79 38 8
0.36 79 38 7
0.36 79 38 7
0.36 79 38 6
0.36 79 38 6
0.36 79 38 5
0.36 79 38 4
0.36 79 38 4
0.36 79 38 3
0.36 79 38 2
0.36 79 38 2
0.36 79 38 1
0.36 79 38 1
0.36 79 38 0
0.36 79 37 9
0.36 79 37 9
0.36 79 37 8
0.36 79 37 7
0.36 79 37 7
0.36 79 37 6
0.36 79 37 6
0.36 79 37 5
0.36 79 37 4
0.36 79 37 4
0.36 79 37 3
0.36 79 37 3
0.36 79 37 2
0.36 79 37 1
0.36 79 37 1
0.36 79 37 0
0.36 79 37 0
0.36 79 36 9
0.36 79 36 8
0.36 79 36 8
0.36 79 36 7
0.36 79 36 7
0.36 79 36 6
0.36 79 36 6
0.36 79 36 5
0.36 79 36 4
0.36 79 36 4
0.36 79 36 3
0.36 79 36 3
0.36 79 36 2
0.36 79 36 2
0.36 79 36 1
0.36 79 36 0
0.36 79 36 0
0.36 79 35 9
0.36 79 35 9
0.36 79 35 8
0.36 79 35 8
0.36 79 35 7
0.36 79 35 7
0.36 79 35 6
0.36 79 35 5
0.36 79 35 5
0.36 79 35 4
0.36 79 35 4
0.36 79 35 3
0.36 79 35 3
0.36 79 35 2
0.36 79 35 2
0.36 79 35 1
0.36 79 35 1
0.36 79 35 0
0.36 79 35 0
0.36 79 34 9
0.36 79 34 9
0.36 79 34 8
0.36 79 34 7
0.36 79 34 7
0.36 79 34 6
0.36 79 34 6
0.36 79 34 5
0.36 79 34 5
0.36 79 34 4
0.36 79 34 4
0.36 79 34 3
0.36 79 34 3
0.36 79 34 2
0.36 79 34 2
0.36 79 34 1
0.36 79 34 1
0.36 79 34 0
0.36 79 34 0
0.36 79 33 9
0.36 79 33 9
0.36 79 33 8
0.36 79 33 8
0.36 79 33 7
0.36 79 33 7
0.36 79 33 6
0.36 79 33 6
0.36 79 33 5
0.36 79 33 5
0.36 79 33 4
0.36 79 33 4
0.36 79 33 3
0.36 79 33 3
0.36 79 33 2
0.36 79 33 2
0.36 79 33 1
0.36 79 33 1
0.36 79 33 1
0.36 79 33 0
0.36 79 33 0
0.36 79 32 9
0.36 79 32 9
0.36 79 32 8
0.36 79 32 8
0.36 79 32 7
0.36 79 32 7
0.36 79 32 6
0.36 79 32 6
0.36 79 32 5
0.36 79 32 5
0.36 79 32 4
0.36 79 32 4
0.36 79 32 4
0.36 79 32 3
0.36 79 32 3
0.36 79 32 2
0.36 79 32 2
0.36 79 32 1
0.36 79 32 1
0.36 79 32 0
0.36 79 32 0
0.36 79 31 9
0.36 79 31 9
0.36 79 31 9
0.36 79 31 8
0.36 79 31 8
0.36 79 31 7
0.36 79 31 7
0.36 79 31 6
0.36 79 31 6
0.36 79 31 5
0.36 79 31 5
0.36 79 31 5
0.36 79 31 4
0.36 79 31 4
0.36 79 31 3
0.36 79 31 3
0.36 79 31 2
0.36 79 31 2
0.36 79 31 2
0.36 79 31 1
0.36 79 31 1
0.36 79 31 0
0.36 79 31 0
0.36 79 30 9
0.36 79 30 9
0.36 79 30 9
0.36 79 30 8
0.36 79 30 8
0.36 79 30 7
0.36 79 30 7
0.36 79 30 7
0.36 79 30 6
0.36 79 30 6
0.36 79 30 5
0.36 79 30 5
0.36 79 30 4
0.36 79 30 4
0.36 79 30 4
0.36 79 30 3
0.36 79 30 3
0.36 79 30 2
0.36 79 30 2
0.36 79 30 2
0.36 79 30 1
0.36 79 30 1
0.36 79 30 0
0.36 79 30 0
0.36 79 30 0
0.36 79 29 9
0.36 79 29 9
0.36 79 29 8
0.36 79 29 8
0.36 79 29 8
0.36 79 29 7
0.36 79 29 7
0.36 79 29 6
0.36 79 29 6
0.36 79 29 6
0.36 79 29 5
0.36 79 29 5
0.36 79 29 5
0.36 79 29 4
0.36 79 29 4
0.36 79 29 3
0.36 79 29 3
0.36 79 29 3
0.36 79 29 2
0.36 79 29 2
0.36 79 29 1
0.36 79 29 1
0.36 79 29 1
0.36 79 29 0
0.36 79 29 0
0.36 79 29 0
0.36 79 28 9
0.36 79 28 9
0.36 79 28 8
0.36 79 28 8
0.36 79 28 8
0.36 79 28 7
0.36 79 28 7
0.36 79 28 7
0.36 79 28 6
0.36 79 28 6
0.36 79 28 6
0.36 79 28 5
0.36 79 28 5
0.36 79 28 4
0.36 79 28 4
0.36 79 28 4
0.36 79 28 3
0.36 79 28 3
0.36 79 28 3
0.36 79 28 2
0.36 79 28 2
0.36 79 28 2
0.36 79 28 1
0.36 79 28 1
0.36 79 28 0
0.36 79 28 0
0.36 79 28 0
0.36 79 27 9
0.36 79 27 9
0.36 79 27 9
0.36 79 27 8
0.36 79 27 8
0.36 79 27 8
0.36 79 27 7
0.36 79 27 7
0.36 79 27 7
0.36 79 27 6
0.36 79 27 6
0.36 79 27 6
0.36 79 27 5
0.36 79 27 5
0.36 79 27 5
0.36 79 27 4
0.36 79 27 4
0.36 79 27 4
0.36 79 27 3
0.36 79 27 3
0.36 79 27 3
0.36 79 27 2
0.36 79 27 2
0.36 79 27 2
0.36 79 27 1
0.36 79 27 1
0.36 79 27 1
0.36 79 27 0
0.36 79 27 0
0.36 79 27 0
0.36 79 26 9
0.36 79 26 9
0.36 79 26 9
0.36 79 26 8
0.36 79 26 8
0.36 79 26 8
0.36 79 26 7
0.36 79 26 7
0.36 79 26 7
0.36 79 26 6
0.36 79 26 6
0.36 79 26 6
0.36 79 26 5
0.36 79 26 5
0.36 79 26 5
0.36 79 26 4
0.36 79 26 4
0.36 79 26 4
0.36 79 26 3
0.36 79 26 3
0.36 79 26 3
0.36 79 26 2
0.36 79 26 2
0.36 79 26 2
0.36 79 26 1
0.36 79 26 1
0.36 79 26 1
0.36 79 26 1
0.36 79 26 0
0.36 79 26 0
0.36 79 26 0
0.36 79 25 9
0.36 79 25 9
0.36 79 25 9
0.36 79 25 8
0.36 79 25 8
0.36 79 25 8
0.36 79 25 7
0.36 79 25 7
0.36 79 25 7
0.36 79 25 6
0.36 79 25 6
0.36 79 25 6
0.36 79 25 6
0.36 79 25 5
0.36 79 25 5
0.36 79 25 5
0.36 79 25 4
0.36 79 25 4
0.36 79 25 4
0.36 79 25 3
0.36 79 25 3
0.36 79 25 3
0.36 79 25 3
0.36 79 25 2
0.36 79 25 2
0.36 79 25 2
0.36 79 25 1
0.36 79 25 1
0.36 79 25 1
0.36 79 25 1
0.36 79 25 0
0.36 79 25 0
0.36 79 25 0
0.36 79 24 9
0.36 79 24 9
0.36 79 24 9
0.36 79 24 8
0.36 79 24 8
0.36 79 24 8
0.36 79 24 8
0.36 79 24 7
0.36 79 24 7
0.36 79 24 7
0.36 79 24 6
0.36 79 24 6
0.36 79 24 6
0.36 79 24 6
0.36 79 24 5
0.36 79 24 5
0.36 79 24 5
0.36 79 24 4
0.36 79 24 4
0.36 79 24 4
0.36 79 24 4
0.36 79 24 3
0.36 79 24 3
0.36 79 24 3
0.36 79 24 3
0.36 79 24 2
0.36 79 24 2
0.36 79 24 2
0.36 79 24 1
0.36 79 24 1
0.36 79 24 1
0.36 79 24 1
0.36 79 24 0
0.36 79 24 0
0.36 79 24 0
0.36 79 23 9
0.36 79 23 9
0.36 79 23 9
0.36 79 23 9
0.36 79 23 8
0.36 79 23 8
0.36 79 23 8
0.36 79 23 8
0.36 79 23 7
0.36 79 23 7
0.36 79 23 7
0.36 79 23 7
0.36 79 23 6
0.36 79 23 6
0.36 79 23 6
0.36 79 23 5
0.36 79 23 5
0.36 79 23 5
0.36 79 23 5
0.36 79 23 4
0.36 79 23 4
0.36 79 23 4
0.36 79 23 4
0.36 79 23 3
0.36 79 23 3
0.36 79 23 3
0.36 79 23 3
0.36 79 23 2
0.36 79 23 2
0.36 79 23 2
0.36 79 23 2
0.36 79 23 1
0.36 79 23 1
0.36 79 23 1
0.36 79 23 1
0.36 79 23 0
0.36 79 23 0
0.36 79 23 0
0.36 79 22 9
0.36 79 22 9
0.36 79 22 9
0.36 79 22 9
0.36 79 22 8
0.36 79 22 8
0.36 79 22 8
0.36 79 22 8
0.36 79 22 7
0.36 79 22 7
0.36 79 22 7
0.36 79 22 7
0.36 79 22 6
0.36 79 22 6
0.36 79 22 6
0.36 79 22 6
0.36 79 22 5
0.36 79 22 5
0.36 79 22 5
0.36 79 22 5
0.36 79 22 4
0.36 79 22 4
0.36 79 22 4
0.36 79 22 4
0.36 79 22 4
0.36 79 22 3
0.36 79 22 3
0.36 79 22 3
0.36 79 22 3
0.36 79 22 2
0.36 79 22 2
0.36 79 22 2
0.36 79 22 2
0.36 79 22 1
0.36 79 22 1
0.36 79 22 1
0.36 79 22 1
0.36 79 22 0
0.36 79 22 0
0.36 79 22 0
0.36 79 22 0
0.36 79 21 9
0.36 79 21 9
0.36 79 21 9
0.36 79 21 9
0.36 79 21 8
0.36 79 21 8
0.36 79 21 8
0.36 79 21 8
0.36 79 21 8
0.36 79 21 7
0.36 79 21 7
0.36 79 21 7
0.36 79 21 7
0.36 79 21 6
0.36 79 21 6
0.36 79 21 6
0.36 79 21 6
0.36 79 21 5
0.36 79 21 5
0.36 79 21 5
0.36 79 21 5
0.36 79 21 5
0.36 79 21 4
0.36 79 21 4
0.36 79 21 4
0.36 79 21 4
0.36 79 21 3
0.36 79 21 3
0.36 79 21 3
0.36 79 21 3
0.36 79 21 2
0.36 79 21 2
0.36 79 21 2
0.36 79 21 2
0.36 79 21 2
0.36 79 21 1
0.36 79 21 1
0.36 79 21 1
0.36 79 21 1
0.36 79 21 0
0.36 79 21 0
0.36 79 21 0
0.36 79 21 0
0.36 79 21 0
0.36 79 20 9
0.36 79 20 9
0.36 79 20 9
0.36 79 20 9
0.36 79 20 8
0.36 79 20 8
0.36 79 20 8
0.36 79 20 8
0.36 79 20 8
0.36 79 20 7
0.36 79 20 7
0.36 79 20 7
0.36 79 20 7
0.36 79 20 7
0.36 79 20 6
0.36 79 20 6
0.36 79 20 6
0.36 79 20 6
0.36 79 20 5
0.36 79 20 5
0.36 79 20 5
0.36 79 20 5
0.36 79 20 5
0.36 79 20 4
0.36 79 20 4
0.36 79 20 4
0.36 79 20 4
0.36 79 20 4
0.36 79 20 3
0.36 79 20 3
0.36 79 20 3
0.36 79 20 3
0.36 79 20 2
0.36 79 20 2
0.36 79 20 2
0.36 79 20 2
0.36 79 20 2
0.36 79 20 1
0.36 79 20 1
0.36 79 20 1
0.36 79 20 1
0.36 79 20 1
0.36 79 20 0
0.36 79 20 0
0.36 79 20 0
0.36 79 20 0
0.36 79 20 0
0.36 79 19 9
0.36 79 19 9
0.36 79 19 9
0.36 79 19 9
0.36 79 19 9
0.36 79 19 8
0.36 79 19 8
0.36 79 19 8
0.36 79 19 8
0.36 79 19 8
0.36 79 19 7
0.36 79 19 7
0.36 79 19 7
0.36 79 19 7
0.36 79 19 7
0.36 79 19 6
0.36 79 19 6
0.36 79 19 6
0.36 79 19 6
0.36 79 19 6
0.36 79 19 5
0.36 79 19 5
0.36 79 19 5
0.36 79 19 5
0.36 79 19 5
0.36 79 19 4
0.36 79 19 4
0.36 79 19 4
0.36 79 19 4
0.36 79 19 4
0.36 79 19 3
0.36 79 19 3
0.36 79 19 3
0.36 79 19 3
0.36 79 19 3
0.36 79 19 2
0.36 79 19 2
0.36 79 19 2
0.36 79 19 2
0.36 79 19 2
0.36 79 19 1
0.36 79 19 1
0.36 79 19 1
0.36 79 19 1
0.36 79 19 1
0.36 79 19 0
0.36 79 19 0
0.36 79 19 0
0.36 79 19 0
0.36 79 19 0
0.36 79 18 9
0.36 79 18 9
0.36 79 18 9
0.36 79 18 9
0.36 79 18 9
0.36 79 18 9
0.36 79 18 8
0.36 79 18 8
0.36 79 18 8
0.36 79 18 8
0.36 79 18 8
0.36 79 18 7
0.36 79 18 7
0.36 79 18 7
0.36 79 18 7
0.36 79 18 7
0.36 79 18 6
0.36 79 18 6
0.36 79 18 6
0.36 79 18 6
0.36 79 18 6
0.36 79 18 6
0.36 79 18 5
0.36 79 18 5
0.36 79 18 5
0.36 79 18 5
0.36 79 18 5
0.36 79 18 4
0.36 79 18 4
0.36 79 18 4
0.36 79 18 4
0.36 79 18 4
0.36 79 18 4
0.36 79 18 3
0.36 79 18 3
0.36 79 18 3
0.36 79 18 3
0.36 79 18 3
0.36 79 18 2
0.36 79 18 2
0.36 79 18 2
0.36 79 18 2
0.36 79 18 2
0.36 79 18 2
0.36 79 18 1
0.36 79 18 1
0.36 79 18 1
0.36 79 18 1
0.36 79 18 1
0.36 79 18 0
0.36 79 18 0
0.36 79 18 0
0.36 79 18 0
0.36 79 18 0
0.36 79 18 0
0.36 79 17 9
0.36 79 17 9
0.36 79 17 9
0.36 79 17 9
0.36 79 17 9
0.36 79 17 9
0.36 79 17 8
0.36 79 17 8
0.36 79 17 8
0.36 79 17 8
0.36 79 17 8
0.36 79 17 7
0.36 79 17 7
0.36 79 17 7
0.36 79 17 7
0.36 79 17 7
0.36 79 17 7
0.36 79 17 6
0.36 79 17 6
0.36 79 17 6
0.36 79 17 6
0.36 79 17 6
0.36 79 17 6
0.36 79 17 5
0.36 79 17 5
0.36 79 17 5
0.36 79 17 5
0.36 79 17 5
0.36 79 17 5
0.36 79 17 4
0.36 79 17 4
0.36 79 17 4
0.36 79 17 4
0.36 79 17 4
0.36 79 17 4
0.36 79 17 3
0.36 79 17 3
0.36 79 17 3
0.36 79 17 3
0.36 79 17 3
0.36 79 17 3
0.36 79 17 2
0.36 79 17 2
0.36 79 17 2
0.36 79 17 2
0.36 79 17 2
0.36 79 17 2
0.36 79 17 1
0.36 79 17 1
0.36 79 17 1
0.36 79 17 1
0.36 79 17 1
0.36 79 17 1
0.36 79 17 0
0.36 79 17 0
0.36 79 17 0
0.36 79 17 0
0.36 79 17 0
0.36 79 17 0
0.36 79 16 9
0.36 79 16 9
0.36 79 16 9
0.36 79 16 9
0.36 79 16 9
0.36 79 16 9
0.36 79 16 8
0.36 79 16 8
0.36 79 16 8
0.36 79 16 8
0.36 79 16 8
0.36 79 16 8
0.36 79 16 7
0.36 79 16 7
0.36 79 16 7
0.36 79 16 7
0.36 79 16 7
0.36 79 16 7
0.36 79 16 6
0.36 79 16 6
0.36 79 16 6
0.36 79 16 6
0.36 79 16 6
0.36 79 16 6
0.36 79 16 6
0.36 79 16 5
0.36 79 16 5
0.36 79 16 5
0.36 79 16 5
0.36 79 16 5
0.36 79 16 5
0.36 79 16 4
0.36 79 16 4
0.36 79 16 4
0.36 79 16 4
0.36 79 16 4
0.36 79 16 4
0.36 79 16 3
0.36 79 16 3
0.36 79 16 3
0.36 79 16 3
0.36 79 16 3
0.36 79 16 3
0.36 79 16 3
0.36 79 16 2
0.36 79 16 2
0.36 79 16 2
0.36 79 16 2
0.36 79 16 2
0.36 79 16 2
0.36 79 16 1
0.36 79 16 1
0.36 79 16 1
0.36 79 16 1
0.36 79 16 1
0.36 79 16 1
0.36 79 16 1
0.36 79 16 0
0.36 79 16 0
0.36 79 16 0
0.36 79 16 0
0.36 79 16 0
0.36 79 16 0
0.36 79 16 0
0.36 79 15 9
0.36 79 15 9
0.36 79 15 9
0.36 79 15 9
0.36 79 15 9
0.36 79 15 9
0.36 79 15 8
0.36 79 15 8
0.36 79 15 8
0.36 79 15 8
0.36 79 15 8
0.36 79 15 8
0.36 79 15 8
0.36 79 15 7
0.36 79 15 7
0.36 79 15 7
0.36 79 15 7
0.36 79 15 7
0.36 79 15 7
0.36 79 15 7
0.36 79 15 6
0.36 79 15 6
0.36 79 15 6
0.36 79 15 6
0.36 79 15 6
0.36 79 15 6
0.36 79 15 6
0.36 79 15 5
0.36 79 15 5
0.36 79 15 5
0.36 79 15 5
0.36 79 15 5
0.36 79 15 5
0.36 79 15 5
0.36 79 15 4
0.36 79 15 4
0.36 79 15 4
0.36 79 15 4
0.36 79 15 4
0.36 79 15 4
0.36 79 15 4
0.36 79 15 3
0.36 79 15 3
0.36 79 15 3
0.36 79 15 3
0.36 79 15 3
0.36 79 15 3
0.36 79 15 3
0.36 79 15 2
0.36 79 15 2
0.36 79 15 2
0.36 79 15 2
0.36 79 15 2
0.36 79 15 2
0.36 79 15 2
0.36 79 15 1
0.36 79 15 1
0.36 79 15 1
0.36 79 15 1
0.36 79 15 1
0.36 79 15 1
0.36 79 15 1
0.36 79 15 0
0.36 79 15 0
0.36 79 15 0
0.36 79 15 0
0.36 79 15 0
0.36 79 15 0
0.36 79 15 0
0.36 79 14 9
0.36 79 14 9
0.36 79 14 9
0.36 79 14 9
0.36 79 14 9
0.36 79 14 9
0.36 79 14 9
0.36 79 14 8
0.36 79 14 8
0.36 79 14 8
0.36 79 14 8
0.36 79 14 8
0.36 79 14 8
0.36 79 14 8
0.36 79 14 8
0.36 79 14 7
0.36 79 14 7
0.36 79 14 7
0.36 79 14 7
0.36 79 14 7
0.36 79 14 7
0.36 79 14 7
0.36 79 14 6
0.36 79 14 6
0.36 79 14 6
0.36 79 14 6
0.36 79 14 6
0.36 79 14 6
0.36 79 14 6
0.36 79 14 5
0.36 79 14 5
0.36 79 14 5
0.36 79 14 5
0.36 79 14 5
0.36 79 14 5
0.36 79 14 5
0.36 79 14 5
0.36 79 14 4
0.36 79 14 4
0.36 79 14 4
0.36 79 14 4
0.36 79 14 4
0.36 79 14 4
0.36 79 14 4
0.36 79 14 3
0.36 79 14 3
0.36 79 14 3
0.36 79 14 3
0.36 79 14 3
0.36 79 14 3
0.36 79 14 3
0.36 79 14 3
0.36 79 14 2
0.36 79 14 2
0.36 79 14 2
0.36 79 14 2
0.36 79 14 2
0.36 79 14 2
0.36 79 14 2
0.36 79 14 2
0.36 79 14 1
0.36 79 14 1
0.36 79 14 1
0.36 79 14 1
0.36 79 14 1
0.36 79 14 1
0.36 79 14 1
0.36 79 14 1
0.36 79 14 0
0.36 79 14 0
0.36 79 14 0
0.36 79 14 0
0.36 79 14 0
0.36 79 14 0
0.36 79 14 0
0.36 79 13 9
0.36 79 13 9
0.36 79 13 9
0.36 79 13 9
0.36 79 13 9
0.36 79 13 9
0.36 79 13 9
0.36 79 13 9
0.36 79 13 8
0.36 79 13 8
0.36 79 13 8
0.36 79 13 8
0.36 79 13 8
0.36 79 13 8
0.36 79 13 8
0.36 79 13 8
0.36 79 13 7
0.36 79 13 7
0.36 79 13 7
0.36 79 13 7
0.36 79 13 7
0.36 79 13 7
0.36 79 13 7
0.36 79 13 7
0.36 79 13 6
0.36 79 13 6
0.36 79 13 6
0.36 79 13 6
0.36 79 13 6
0.36 79 13 6
0.36 79 13 6
0.36 79 13 6
0.36 79 13 5
0.36 79 13 5
0.36 79 13 5
0.36 79 13 5
0.36 79 13 5
0.36 79 13 5
0.36 79 13 5
0.36 79 13 5
0.36 79 13 5
0.36 79 13 4
0.36 79 13 4
0.36 79 13 4
0.36 79 13 4
0.36 79 13 4
0.36 79 13 4
0.36 79 13 4
0.36 79 13 4
0.36 79 13 3
0.36 79 13 3
0.36 79 13 3
0.36 79 13 3
0.36 79 13 3
0.36 79 13 3
0.36 79 13 3
0.36 79 13 3
0.36 79 13 2
0.36 79 13 2
0.36 79 13 2
0.36 79 13 2
0.36 79 13 2
0.36 79 13 2
0.36 79 13 2
0.36 79 13 2
0.36 79 13 2
0.36 79 13 1
0.36 79 13 1
0.36 79 13 1
0.36 79 13 1
0.36 79 13 1
0.36 79 13 1
0.36 79 13 1
0.36 79 13 1
0.36 79 13 0
0.36 79 13 0
0.36 79 13 0
0.36 79 13 0
0.36 79 13 0
0.36 79 13 0
0.36 79 13 0
0.36 79 13 0
0.36 79 13 0
0.36 79 12 9
0.36 79 12 9
0.36 79 12 9
0.36 79 12 9
0.36 79 12 9
0.36 79 12 9
0.36 79 12 9
0.36 79 12 9
0.36 79 12 8
0.36 79 12 8
0.36 79 12 8
0.36 79 12 8
0.36 79 12 8
0.36 79 12 8
0.36 79 12 8
0.36 79 12 8
0.36 79 12 8
0.36 79 12 7
0.36 79 12 7
0.36 79 12 7
0.36 79 12 7
0.36 79 12 7
0.36 79 12 7
0.36 79 12 7
0.36 79 12 7
0.36 79 12 7
0.36 79 12 6
0.36 79 12 6
0.36 79 12 6
0.36 79 12 6
0.36 79 12 6
0.36 79 12 6
0.36 79 12 6
0.36 79 12 6
0.36 79 12 6
0.36 79 12 5
0.36 79 12 5
0.36 79 12 5
0.36 79 12 5
0.36 79 12 5
0.36 79 12 5
0.36 79 12 5
0.36 79 12 5
0.36 79 12 5
0.36 79 12 4
0.36 79 12 4
0.36 79 12 4
0.36 79 12 4
0.36 79 12 4
0.36 79 12 4
0.36 79 12 4
0.36 79 12 4
0.36 79 12 4
0.36 79 12 3
0.36 79 12 3
0.36 79 12 3
0.36 79 12 3
0.36 79 12 3
0.36 79 12 3
0.36 79 12 3
0.36 79 12 3
0.36 79 12 3
0.36 79 12 2
0.36 79 12 2
0.36 79 12 2
0.36 79 12 2
0.36 79 12 2
0.36 79 12 2
0.36 79 12 2
0.36 79 12 2
0.36 79 12 2
0.36 79 12 1
0.36 79 12 1
0.36 79 12 1
0.36 79 12 1
0.36 79 12 1
0.36 79 12 1
0.36 79 12 1
0.36 79 12 1
0.36 79 12 1
0.36 79 12 0
0.36 79 12 0
0.36 79 12 0
0.36 79 12 0
0.36 79 12 0
0.36 79 12 0
0.36 79 12 0
0.36 79 12 0
0.36 79 12 0
0.36 79 12 0
0.36 79 11 9
0.36 79 11 9
0.36 79 11 9
0.36 79 11 9
0.36 79 11 9
0.36 79 11 9
0.36 79 11 9
0.36 79 11 9
0.36 79 11 9
0.36 79 11 8
0.36 79 11 8
0.36 79 11 8
0.36 79 11 8
0.36 79 11 8
0.36 79 11 8
0.36 79 11 8
0.36 79 11 8
0.36 79 11 8
0.36 79 11 8
0.36 79 11 7
0.36 79 11 7
0.36 79 11 7
0.36 79 11 7
0.36 79 11 7
0.36 79 11 7
0.36 79 11 7
0.36 79 11 7
0.36 79 11 7
0.36 79 11 6
0.36 79 11 6
0.36 79 11 6
0.36 79 11 6
0.36 79 11 6
0.36 79 11 6
0.36 79 11 6
0.36 79 11 6
0.36 79 11 6
0.36 79 11 6
0.36 79 11 5
0.36 79 11 5
0.36 79 11 5
0.36 79 11 5
0.36 79 11 5
0.36 79 11 5
0.36 79 11 5
0.36 79 11 5
0.36 79 11 5
0.36 79 11 5
0.36 79 11 4
0.36 79 11 4
0.36 79 11 4
0.36 79 11 4
0.36 79 11 4
0.36 79 11 4
0.36 79 11 4
0.36 79 11 4
0.36 79 11 4
0.36 79 11 4
0.36 79 11 3
0.36 79 11 3
0.36 79 11 3
0.36 79 11 3
0.36 79 11 3
0.36 79 11 3
0.36 79 11 3
0.36 79 11 3
0.36 79 11 3
0.36 79 11 3
0.36 79 11 2
0.36 79 11 2
0.36 79 11 2
0.36 79 11 2
0.36 79 11 2
0.36 79 11 2
0.36 79 11 2
0.36 79 11 2
0.36 79 11 2
0.36 79 11 2
0.36 79 11 1
0.36 79 11 1
0.36 79 11 1
0.36 79 11 1
0.36 79 11 1
0.36 79 11 1
0.36 79 11 1
0.36 79 11 1
0.36 79 11 1
0.36 79 11 1
0.36 79 11 0
0.36 79 11 0
0.36 79 11 0
0.36 79 11 0
0.36 79 11 0
0.36 79 11 0
0.36 79 11 0
0.36 79 11 0
0.36 79 11 0
0.36 79 11 0
0.36 79 10 9
0.36 79 10 9
0.36 79 10 9
0.36 79 10 9
0.36 79 10 9
0.36 79 10 9
0.36 79 10 9
0.36 79 10 9
0.36 79 10 9
0.36 79 10 9
0.36 79 10 9
0.36 79 10 8
0.36 79 10 8
0.36 79 10 8
0.36 79 10 8
0.36 79 10 8
0.36 79 10 8
0.36 79 10 8
0.36 79 10 8
0.36 79 10 8
0.36 79 10 8
0.36 79 10 7
0.36 79 10 7
0.36 79 10 7
0.36 79 10 7
0.36 79 10 7
0.36 79 10 7
0.36 79 10 7
0.36 79 10 7
0.36 79 10 7
0.36 79 10 7
0.36 79 10 7
0.36 79 10 6
0.36 79 10 6
0.36 79 10 6
0.36 79 10 6
0.36 79 10 6
0.36 79 10 6
0.36 79 10 6
0.36 79 10 6
0.36 79 10 6
0.36 79 10 6
0.36 79 10 5
0.36 79 10 5
0.36 79 10 5
0.36 79 10 5
0.36 79 10 5
0.36 79 10 5
0.36 79 10 5
0.36 79 10 5
0.36 79 10 5
0.36 79 10 5
0.36 79 10 5
0.36 79 10 4
0.36 79 10 4
0.36 79 10 4
0.36 79 10 4
0.36 79 10 4
0.36 79 10 4
0.36 79 10 4
0.36 79 10 4
0.36 79 10 4
0.36 79 10 4
0.36 79 10 4
0.36 79 10 3
0.36 79 10 3
0.36 79 10 3
0.36 79 10 3
0.36 79 10 3
0.36 79 10 3
0.36 79 10 3
0.36 79 10 3
0.36 79 10 3
0.36 79 10 3
0.36 79 10 3
0.36 79 10 2
0.36 79 10 2
0.36 79 10 2
0.36 79 10 2
0.36 79 10 2
0.36 79 10 2
0.36 79 10 2
0.36 79 10 2
0.36 79 10 2
0.36 79 10 2
0.36 79 10 2
0.36 79 10 1
0.36 79 10 1
0.36 79 10 1
0.36 79 10 1
0.36 79 10 1
0.36 79 10 1
0.36 79 10 1
0.36 79 10 1
0.36 79 10 1
0.36 79 10 1
0.36 79 10 1
0.36 79 10 0
0.36 79 10 0
0.36 79 10 0
0.36 79 10 0
0.36 79 10 0
0.36 79 10 0
0.36 79 10 0
0.36 79 10 0
0.36 79 10 0
0.36 79 10 0
0.36 79 10 0
0.36 79 10 0
0.36 79 09 9
0.36 79 09 9
0.36 79 09 9
0.36 79 09 9
0.36 79 09 9
0.36 79 09 9
0.36 79 09 9
0.36 79 09 9
0.36 79 09 9
0.36 79 09 9
0.36 79 09 9
0.36 79 09 8
0.36 79 09 8
0.36 79 09 8
0.36 79 09 8
0.36 79 09 8
0.36 79 09 8
0.36 79 09 8
0.36 79 09 8
0.36 79 09 8
0.36 79 09 8
0.36 79 09 8
0.36 79 09 8
0.36 79 09 7
0.36 79 09 7
0.36 79 09 7
0.36 79 09 7
0.36 79 09 7
0.36 79 09 7
0.36 79 09 7
0.36 79 09 7
0.36 79 09 7
0.36 79 09 7
0.36 79 09 7
0.36 79 09 6
0.36 79 09 6
0.36 79 09 6
0.36 79 09 6
0.36 79 09 6
0.36 79 09 6
0.36 79 09 6
0.36 79 09 6
0.36 79 09 6
0.36 79 09 6
0.36 79 09 6
0.36 79 09 6
0.36 79 09 5
0.36 79 09 5
0.36 79 09 5
0.36 79 09 5
0.36 79 09 5
0.36 79 09 5
0.36 79 09 5
0.36 79 09 5
0.36 79 09 5
0.36 79 09 5
0.36 79 09 5
0.36 79 09 5
0.36 79 09 4
0.36 79 09 4
0.36 79 09 4
0.36 79 09 4
0.36 79 09 4
0.36 79 09 4
0.36 79 09 4
0.36 79 09 4
0.36 79 09 4
0.36 79 09 4
0.36 79 09 4
0.36 79 09 4
0.36 79 09 3
0.36 79 09 3
0.36 79 09 3
0.36 79 09 3
0.36 79 09 3
0.36 79 09 3
0.36 79 09 3
0.36 79 09 3
0.36 79 09 3
0.36 79 09 3
0.36 79 09 3
0.36 79 09 3
0.36 79 09 2
0.36 79 09 2
0.36 79 09 2
0.36 79 09 2
0.36 79 09 2
0.36 79 09 2
0.36 79 09 2
0.36 79 09 2
0.36 79 09 2
0.36 79 09 2
0.36 79 09 2
0.36 79 09 2
0.36 79 09 1
0.36 79 09 1
0.36 79 09 1
0.36 79 09 1
0.36 79 09 1
0.36 79 09 1
0.36 79 09 1
0.36 79 09 1
0.36 79 09 1
0.36 79 09 1
0.36 79 09 1
0.36 79 09 1
0.36 79 09 1
0.36 79 09 0
0.36 79 09 0
0.36 79 09 0
0.36 79 09 0
0.36 79 09 0
0.36 79 09 0
0.36 79 09 0
0.36 79 09 0
0.36 79 09 0
0.36 79 09 0
0.36 79 09 0
0.36 79 09 0
0.36 79 08 9
0.36 79 08 9
0.36 79 08 9
0.36 79 08 9
0.36 79 08 9
0.36 79 08 9
0.36 79 08 9
0.36 79 08 9
0.36 79 08 9
0.36 79 08 9
0.36 79 08 9
0.36 79 08 9
0.36 79 08 9
0.36 79 08 8
0.36 79 08 8
0.36 79 08 8
0.36 79 08 8
0.36 79 08 8
0.36 79 08 8
0.36 79 08 8
0.36 79 08 8
0.36 79 08 8
0.36 79 08 8
0.36 79 08 8
0.36 79 08 8
0.36 79 08 8
0.36 79 08 7
0.36 79 08 7
0.36 79 08 7
0.36 79 08 7
0.36 79 08 7
0.36 79 08 7
0.36 79 08 7
0.36 79 08 7
0.36 79 08 7
0.36 79 08 7
0.36 79 08 7
0.36 79 08 7
0.36 79 08 7
0.36 79 08 6
0.36 79 08 6
0.36 79 08 6
0.36 79 08 6
0.36 79 08 6
0.36 79 08 6
0.36 79 08 6
0.36 79 08 6
0.36 79 08 6
0.36 79 08 6
0.36 79 08 6
0.36 79 08 6
0.36 79 08 6
0.36 79 08 5
0.36 79 08 5
0.36 79 08 5
0.36 79 08 5
0.36 79 08 5
0.36 79 08 5
0.36 79 08 5
0.36 79 08 5
0.36 79 08 5
0.36 79 08 5
0.36 79 08 5
0.36 79 08 5
0.36 79 08 5
0.36 79 08 4
0.36 79 08 4
0.36 79 08 4
0.36 79 08 4
0.36 79 08 4
0.36 79 08 4
0.36 79 08 4
0.36 79 08 4
0.36 79 08 4
0.36 79 08 4
0.36 79 08 4
0.36 79 08 4
0.36 79 08 4
0.36 79 08 3
0.36 79 08 3
0.36 79 08 3
0.36 79 08 3
0.36 79 08 3
0.36 79 08 3
0.36 79 08 3
0.36 79 08 3
0.36 79 08 3
0.36 79 08 3
0.36 79 08 3
0.36 79 08 3
0.36 79 08 3
0.36 79 08 3
0.36 79 08 2
0.36 79 08 2
0.36 79 08 2
0.36 79 08 2
0.36 79 08 2
0.36 79 08 2
0.36 79 08 2
0.36 79 08 2
0.36 79 08 2
0.36 79 08 2
0.36 79 08 2
0.36 79 08 2
0.36 79 08 2
0.36 79 08 1
0.36 79 08 1
0.36 79 08 1
0.36 79 08 1
0.36 79 08 1
0.36 79 08 1
0.36 79 08 1
0.36 79 08 1
0.36 79 08 1
0.36 79 08 1
0.36 79 08 1
0.36 79 08 1
0.36 79 08 1
0.36 79 08 1
0.36 79 08 0
0.36 79 08 0
0.36 79 08 0
0.36 79 08 0
0.36 79 08 0
0.36 79 08 0
0.36 79 08 0
0.36 79 08 0
0.36 79 08 0
0.36 79 08 0
0.36 79 08 0
0.36 79 08 0
0.36 79 08 0
0.36 79 08 0
0.36 79 07 9
0.36 79 07 9
0.36 79 07 9
0.36 79 07 9
0.36 79 07 9
0.36 79 07 9
0.36 79 07 9
0.36 79 07 9
0.36 79 07 9
0.36 79 07 9
0.36 79 07 9
0.36 79 07 9
0.36 79 07 9
0.36 79 07 9
0.36 79 07 8
0.36 79 07 8
0.36 79 07 8
0.36 79 07 8
0.36 79 07 8
0.36 79 07 8
0.36 79 07 8
0.36 79 07 8
0.36 79 07 8
0.36 79 07 8
0.36 79 07 8
0.36 79 07 8
0.36 79 07 8
0.36 79 07 8
0.36 79 07 7
0.36 79 07 7
0.36 79 07 7
0.36 79 07 7
0.36 79 07 7
0.36 79 07 7
0.36 79 07 7
0.36 79 07 7
0.36 79 07 7
0.36 79 07 7
0.36 79 07 7
0.36 79 07 7
0.36 79 07 7
0.36 79 07 7
0.36 79 07 6
0.36 79 07 6
0.36 79 07 6
0.36 79 07 6
0.36 79 07 6
0.36 79 07 6
0.36 79 07 6
0.36 79 07 6
0.36 79 07 6
0.36 79 07 6
0.36 79 07 6
0.36 79 07 6
0.36 79 07 6
0.36 79 07 6
0.36 79 07 6
0.36 79 07 5
0.36 79 07 5
0.36 79 07 5
0.36 79 07 5
0.36 79 07 5
0.36 79 07 5
0.36 79 07 5
0.36 79 07 5
0.36 79 07 5
0.36 79 07 5
0.36 79 07 5
0.36 79 07 5
0.36 79 07 5
0.36 79 07 5
0.36 79 07 4
0.36 79 07 4
0.36 79 07 4
0.36 79 07 4
0.36 79 07 4
0.36 79 07 4
0.36 79 07 4
0.36 79 07 4
0.36 79 07 4
0.36 79 07 4
0.36 79 07 4
0.36 79 07 4
0.36 79 07 4
0.36 79 07 4
0.36 79 07 4
0.36 79 07 3
0.36 79 07 3
0.36 79 07 3
0.36 79 07 3
0.36 79 07 3
0.36 79 07 3
0.36 79 07 3
0.36 79 07 3
0.36 79 07 3
0.36 79 07 3
0.36 79 07 3
0.36 79 07 3
0.36 79 07 3
0.36 79 07 3
0.36 79 07 3
0.36 79 07 2
0.36 79 07 2
0.36 79 07 2
0.36 79 07 2
0.36 79 07 2
0.36 79 07 2
0.36 79 07 2
0.36 79 07 2
0.36 79 07 2
0.36 79 07 2
0.36 79 07 2
0.36 79 07 2
0.36 79 07 2
0.36 79 07 2
0.36 79 07 2
0.36 79 07 1
0.36 79 07 1
0.36 79 07 1
0.36 79 07 1
0.36 79 07 1
0.36 79 07 1
0.36 79 07 1
0.36 79 07 1
0.36 79 07 1
0.36 79 07 1
0.36 79 07 1
0.36 79 07 1
0.36 79 07 1
0.36 79 07 1
0.36 79 07 1
0.36 79 07 0
0.36 79 07 0
0.36 79 07 0
0.36 79 07 0
0.36 79 07 0
0.36 79 07 0
0.36 79 07 0
0.36 79 07 0
0.36 79 07 0
0.36 79 07 0
0.36 79 07 0
0.36 79 07 0
0.36 79 07 0
0.36 79 07 0
0.36 79 07 0
0.36 79 07 0
0.36 79 06 9
0.36 79 06 9
0.36 79 06 9
0.36 79 06 9
0.36 79 06 9
0.36 79 06 9
0.36 79 06 9
0.36 79 06 9
0.36 79 06 9
0.36 79 06 9
0.36 79 06 9
0.36 79 06 9
0.36 79 06 9
0.36 79 06 9
0.36 79 06 9
0.36 79 06 8
0.36 79 06 8
0.36 79 06 8
0.36 79 06 8
0.36 79 06 8
0.36 79 06 8
0.36 79 06 8
0.36 79 06 8
0.36 79 06 8
0.36 79 06 8
0.36 79 06 8
0.36 79 06 8
0.36 79 06 8
0.36 79 06 8
0.36 79 06 8
0.36 79 06 8
0.36 79 06 7
0.36 79 06 7
0.36 79 06 7
0.36 79 06 7
0.36 79 06 7
0.36 79 06 7
0.36 79 06 7
0.36 79 06 7
0.36 79 06 7
0.36 79 06 7
0.36 79 06 7
0.36 79 06 7
0.36 79 06 7
0.36 79 06 7
0.36 79 06 7
0.36 79 06 7
0.36 79 06 6
0.36 79 06 6
0.36 79 06 6
0.36 79 06 6
0.36 79 06 6
0.36 79 06 6
0.36 79 06 6
0.36 79 06 6
0.36 79 06 6
0.36 79 06 6
0.36 79 06 6
0.36 79 06 6
0.36 79 06 6
0.36 79 06 6
0.36 79 06 6
0.36 79 06 6
0.36 79 06 5
0.36 79 06 5
0.36 79 06 5
0.36 79 06 5
0.36 79 06 5
0.36 79 06 5
0.36 79 06 5
0.36 79 06 5
0.36 79 06 5
0.36 79 06 5
0.36 79 06 5
0.36 79 06 5
0.36 79 06 5
0.36 79 06 5
0.36 79 06 5
0.36 79 06 5
0.36 79 06 5
0.36 79 06 4
0.36 79 06 4
0.36 79 06 4
0.36 79 06 4
0.36 79 06 4
0.36 79 06 4
0.36 79 06 4
0.36 79 06 4
0.36 79 06 4
0.36 79 06 4
0.36 79 06 4
0.36 79 06 4
0.36 79 06 4
0.36 79 06 4
0.36 79 06 4
0.36 79 06 4
0.36 79 06 3
0.36 79 06 3
0.36 79 06 3
0.36 79 06 3
0.36 79 06 3
0.36 79 06 3
0.36 79 06 3
0.36 79 06 3
0.36 79 06 3
0.36 79 06 3
0.36 79 06 3
0.36 79 06 3
0.36 79 06 3
0.36 79 06 3
0.36 79 06 3
0.36 79 06 3
0.36 79 06 3
0.36 79 06 2
0.36 79 06 2
0.36 79 06 2
0.36 79 06 2
0.36 79 06 2
0.36 79 06 2
0.36 79 06 2
0.36 79 06 2
0.36 79 06 2
0.36 79 06 2
0.36 79 06 2
0.36 79 06 2
0.36 79 06 2
0.36 79 06 2
0.36 79 06 2
0.36 79 06 2
0.36 79 06 2
0.36 79 06 1
0.36 79 06 1
0.36 79 06 1
0.36 79 06 1
0.36 79 06 1
0.36 79 06 1
0.36 79 06 1
0.36 79 06 1
0.36 79 06 1
0.36 79 06 1
0.36 79 06 1
0.36 79 06 1
0.36 79 06 1
0.36 79 06 1
0.36 79 06 1
0.36 79 06 1
0.36 79 06 1
0.36 79 06 0
0.36 79 06 0
0.36 79 06 0
0.36 79 06 0
0.36 79 06 0
0.36 79 06 0
0.36 79 06 0
0.36 79 06 0
0.36 79 06 0
0.36 79 06 0
0.36 79 06 0
0.36 79 06 0
0.36 79 06 0
0.36 79 06 0
0.36 79 06 0
0.36 79 06 0
0.36 79 06 0
0.36 79 05 9
0.36 79 05 9
0.36 79 05 9
0.36 79 05 9
0.36 79 05 9
0.36 79 05 9
0.36 79 05 9
0.36 79 05 9
0.36 79 05 9
0.36 79 05 9
0.36 79 05 9
0.36 79 05 9
0.36 79 05 9
0.36 79 05 9
0.36 79 05 9
0.36 79 05 9
0.36 79 05 9
0.36 79 05 8
0.36 79 05 8
0.36 79 05 8
0.36 79 05 8
0.36 79 05 8
0.36 79 05 8
0.36 79 05 8
0.36 79 05 8
0.36 79 05 8
0.36 79 05 8
0.36 79 05 8
0.36 79 05 8
0.36 79 05 8
0.36 79 05 8
0.36 79 05 8
0.36 79 05 8
0.36 79 05 8
0.36 79 05 8
0.36 79 05 7
0.36 79 05 7
0.36 79 05 7
0.36 79 05 7
0.36 79 05 7
0.36 79 05 7
0.36 79 05 7
0.36 79 05 7
0.36 79 05 7
0.36 79 05 7
0.36 79 05 7
0.36 79 05 7
0.36 79 05 7
0.36 79 05 7
0.36 79 05 7
0.36 79 05 7
0.36 79 05 7
0.36 79 05 7
0.36 79 05 6
0.36 79 05 6
0.36 79 05 6
0.36 79 05 6
0.36 79 05 6
0.36 79 05 6
0.36 79 05 6
0.36 79 05 6
0.36 79 05 6
0.36 79 05 6
0.36 79 05 6
0.36 79 05 6
0.36 79 05 6
0.36 79 05 6
0.36 79 05 6
0.36 79 05 6
0.36 79 05 6
0.36 79 05 6
0.36 79 05 5
0.36 79 05 5
0.36 79 05 5
0.36 79 05 5
0.36 79 05 5
0.36 79 05 5
0.36 79 05 5
0.36 79 05 5
0.36 79 05 5
0.36 79 05 5
0.36 79 05 5
0.36 79 05 5
0.36 79 05 5
0.36 79 05 5
0.36 79 05 5
0.36 79 05 5
0.36 79 05 5
0.36 79 05 5
0.36 79 05 4
0.36 79 05 4
0.36 79 05 4
0.36 79 05 4
0.36 79 05 4
0.36 79 05 4
0.36 79 05 4
0.36 79 05 4
0.36 79 05 4
0.36 79 05 4
0.36 79 05 4
0.36 79 05 4
0.36 79 05 4
0.36 79 05 4
0.36 79 05 4
0.36 79 05 4
0.36 79 05 4
0.36 79 05 4
0.36 79 05 4
0.36 79 05 3
0.36 79 05 3
0.36 79 05 3
0.36 79 05 3
0.36 79 05 3
0.36 79 05 3
0.36 79 05 3
0.36 79 05 3
0.36 79 05 3
0.36 79 05 3
0.36 79 05 3
0.36 79 05 3
0.36 79 05 3
0.36 79 05 3
0.36 79 05 3
0.36 79 05 3
0.36 79 05 3
0.36 79 05 3
0.36 79 05 2
0.36 79 05 2
0.36 79 05 2
0.36 79 05 2
0.36 79 05 2
0.36 79 05 2
0.36 79 05 2
0.36 79 05 2
0.36 79 05 2
0.36 79 05 2
0.36 79 05 2
0.36 79 05 2
0.36 79 05 2
0.36 79 05 2
0.36 79 05 2
0.36 79 05 2
0.36 79 05 2
0.36 79 05 2
0.36 79 05 2
0.36 79 05 1
0.36 79 05 1
0.36 79 05 1
0.36 79 05 1
0.36 79 05 1
0.36 79 05 1
0.36 79 05 1
0.36 79 05 1
0.36 79 05 1
0.36 79 05 1
0.36 79 05 1
0.36 79 05 1
0.36 79 05 1
0.36 79 05 1
0.36 79 05 1
0.36 79 05 1
0.36 79 05 1
0.36 79 05 1
0.36 79 05 1
0.36 79 05 0
0.36 79 05 0
0.36 79 05 0
0.36 79 05 0
0.36 79 05 0
0.36 79 05 0
0.36 79 05 0
0.36 79 05 0
0.36 79 05 0
0.36 79 05 0
0.36 79 05 0
0.36 79 05 0
0.36 79 05 0
0.36 79 05 0
0.36 79 05 0
0.36 79 05 0
0.36 79 05 0
0.36 79 05 0
0.36 79 05 0
0.36 79 05 0
0.36 79 04 9
0.36 79 04 9
0.36 79 04 9
0.36 79 04 9
0.36 79 04 9
0.36 79 04 9
0.36 79 04 9
0.36 79 04 9
0.36 79 04 9
0.36 79 04 9
0.36 79 04 9
0.36 79 04 9
0.36 79 04 9
0.36 79 04 9
0.36 79 04 9
0.36 79 04 9
0.36 79 04 9
0.36 79 04 9
0.36 79 04 9
0.36 79 04 8
0.36 79 04 8
0.36 79 04 8
0.36 79 04 8
0.36 79 04 8
0.36 79 04 8
0.36 79 04 8
0.36 79 04 8
0.36 79 04 8
0.36 79 04 8
0.36 79 04 8
0.36 79 04 8
0.36 79 04 8
0.36 79 04 8
0.36 79 04 8
0.36 79 04 8
0.36 79 04 8
0.36 79 04 8
0.36 79 04 8
0.36 79 04 8
0.36 79 04 7
0.36 79 04 7
0.36 79 04 7
0.36 79 04 7
0.36 79 04 7
0.36 79 04 7
0.36 79 04 7
0.36 79 04 7
0.36 79 04 7
0.36 79 04 7
0.36 79 04 7
0.36 79 04 7
0.36 79 04 7
0.36 79 04 7
0.36 79 04 7
0.36 79 04 7
0.36 79 04 7
0.36 79 04 7
0.36 79 04 7
0.36 79 04 7
0.36 79 04 6
0.36 79 04 6
0.36 79 04 6
0.36 79 04 6
0.36 79 04 6
0.36 79 04 6
0.36 79 04 6
0.36 79 04 6
0.36 79 04 6
0.36 79 04 6
0.36 79 04 6
0.36 79 04 6
0.36 79 04 6
0.36 79 04 6
0.36 79 04 6
0.36 79 04 6
0.36 79 04 6
0.36 79 04 6
0.36 79 04 6
0.36 79 04 6
0.36 79 04 5
0.36 79 04 5
0.36 79 04 5
0.36 79 04 5
0.36 79 04 5
0.36 79 04 5
0.36 79 04 5
0.36 79 04 5
0.36 79 04 5
0.36 79 04 5
0.36 79 04 5
0.36 79 04 5
0.36 79 04 5
0.36 79 04 5
0.36 79 04 5
0.36 79 04 5
0.36 79 04 5
0.36 79 04 5
0.36 79 04 5
0.36 79 04 5
0.36 79 04 5
0.36 79 04 4
0.36 79 04 4
0.36 79 04 4
0.36 79 04 4
0.36 79 04 4
0.36 79 04 4
0.36 79 04 4
0.36 79 04 4
0.36 79 04 4
0.36 79 04 4
0.36 79 04 4
0.36 79 04 4
0.36 79 04 4
0.36 79 04 4
0.36 79 04 4
0.36 79 04 4
0.36 79 04 4
0.36 79 04 4
0.36 79 04 4
0.36 79 04 4
0.36 79 04 4
0.36 79 04 3
0.36 79 04 3
0.36 79 04 3
0.36 79 04 3
0.36 79 04 3
0.36 79 04 3
0.36 79 04 3
0.36 79 04 3
0.36 79 04 3
0.36 79 04 3
0.36 79 04 3
0.36 79 04 3
0.36 79 04 3
0.36 79 04 3
0.36 79 04 3
0.36 79 04 3
0.36 79 04 3
0.36 79 04 3
0.36 79 04 3
0.36 79 04 3
0.36 79 04 3
0.36 79 04 2
0.36 79 04 2
0.36 79 04 2
0.36 79 04 2
0.36 79 04 2
0.36 79 04 2
0.36 79 04 2
0.36 79 04 2
0.36 79 04 2
0.36 79 04 2
0.36 79 04 2
0.36 79 04 2
0.36 79 04 2
0.36 79 04 2
0.36 79 04 2
0.36 79 04 2
0.36 79 04 2
0.36 79 04 2
0.36 79 04 2
0.36 79 04 2
0.36 79 04 2
0.36 79 04 1
0.36 79 04 1
0.36 79 04 1
0.36 79 04 1
0.36 79 04 1
0.36 79 04 1
0.36 79 04 1
0.36 79 04 1
0.36 79 04 1
0.36 79 04 1
0.36 79 04 1
0.36 79 04 1
0.36 79 04 1
0.36 79 04 1
0.36 79 04 1
0.36 79 04 1
0.36 79 04 1
0.36 79 04 1
0.36 79 04 1
0.36 79 04 1
0.36 79 04 1
0.36 79 04 0
0.36 79 04 0
0.36 79 04 0
0.36 79 04 0
0.36 79 04 0
0.36 79 04 0
0.36 79 04 0
0.36 79 04 0
0.36 79 04 0
0.36 79 04 0
0.36 79 04 0
0.36 79 04 0
0.36 79 04 0
0.36 79 04 0
0.36 79 04 0
0.36 79 04 0
0.36 79 04 0
0.36 79 04 0
0.36 79 04 0
0.36 79 04 0
0.36 79 04 0
0.36 79 04 0
0.36 79 03 9
0.36 79 03 9
0.36 79 03 9
0.36 79 03 9
0.36 79 03 9
0.36 79 03 9
0.36 79 03 9
0.36 79 03 9
0.36 79 03 9
0.36 79 03 9
0.36 79 03 9
0.36 79 03 9
0.36 79 03 9
0.36 79 03 9
0.36 79 03 9
0.36 79 03 9
0.36 79 03 9
0.36 79 03 9
0.36 79 03 9
0.36 79 03 9
0.36 79 03 9
0.36 79 03 9
0.36 79 03 8
0.36 79 03 8
0.36 79 03 8
0.36 79 03 8
0.36 79 03 8
0.36 79 03 8
0.36 79 03 8
0.36 79 03 8
0.36 79 03 8
0.36 79 03 8
0.36 79 03 8
0.36 79 03 8
0.36 79 03 8
0.36 79 03 8
0.36 79 03 8
0.36 79 03 8
0.36 79 03 8
0.36 79 03 8
0.36 79 03 8
0.36 79 03 8
0.36 79 03 8
0.36 79 03 8
0.36 79 03 8
0.36 79 03 7
0.36 79 03 7
0.36 79 03 7
0.36 79 03 7
0.36 79 03 7
0.36 79 03 7
0.36 79 03 7
0.36 79 03 7
0.36 79 03 7
0.36 79 03 7
0.36 79 03 7
0.36 79 03 7
0.36 79 03 7
0.36 79 03 7
0.36 79 03 7
0.36 79 03 7
0.36 79 03 7
0.36 79 03 7
0.36 79 03 7
0.36 79 03 7
0.36 79 03 7
0.36 79 03 7
0.36 79 03 6
0.36 79 03 6
0.36 79 03 6
0.36 79 03 6
0.36 79 03 6
0.36 79 03 6
0.36 79 03 6
0.36 79 03 6
0.36 79 03 6
0.36 79 03 6
0.36 79 03 6
0.36 79 03 6
0.36 79 03 6
0.36 79 03 6
0.36 79 03 6
0.36 79 03 6
0.36 79 03 6
0.36 79 03 6
0.36 79 03 6
0.36 79 03 6
0.36 79 03 6
0.36 79 03 6
0.36 79 03 6
0.36 79 03 5
0.36 79 03 5
0.36 79 03 5
0.36 79 03 5
0.36 79 03 5
0.36 79 03 5
0.36 79 03 5
0.36 79 03 5
0.36 79 03 5
0.36 79 03 5
0.36 79 03 5
0.36 79 03 5
0.36 79 03 5
0.36 79 03 5
0.36 79 03 5
0.36 79 03 5
0.36 79 03 5
0.36 79 03 5
0.36 79 03 5
0.36 79 03 5
0.36 79 03 5
0.36 79 03 5
0.36 79 03 5
0.36 79 03 4
0.36 79 03 4
0.36 79 03 4
0.36 79 03 4
0.36 79 03 4
0.36 79 03 4
0.36 79 03 4
0.36 79 03 4
0.36 79 03 4
0.36 79 03 4
0.36 79 03 4
0.36 79 03 4
0.36 79 03 4
0.36 79 03 4
0.36 79 03 4
0.36 79 03 4
0.36 79 03 4
0.36 79 03 4
0.36 79 03 4
0.36 79 03 4
0.36 79 03 4
0.36 79 03 4
0.36 79 03 4
0.36 79 03 4
0.36 79 03 3
0.36 79 03 3
0.36 79 03 3
0.36 79 03 3
0.36 79 03 3
0.36 79 03 3
0.36 79 03 3
0.36 79 03 3
0.36 79 03 3
0.36 79 03 3
0.36 79 03 3
0.36 79 03 3
0.36 79 03 3
0.36 79 03 3
0.36 79 03 3
0.36 79 03 3
0.36 79 03 3
0.36 79 03 3
0.36 79 03 3
0.36 79 03 3
0.36 79 03 3
0.36 79 03 3
0.36 79 03 3
0.36 79 03 2
0.36 79 03 2
0.36 79 03 2
0.36 79 03 2
0.36 79 03 2
0.36 79 03 2
0.36 79 03 2
0.36 79 03 2
0.36 79 03 2
0.36 79 03 2
0.36 79 03 2
0.36 79 03 2
0.36 79 03 2
0.36 79 03 2
0.36 79 03 2
0.36 79 03 2
0.36 79 03 2
0.36 79 03 2
0.36 79 03 2
0.36 79 03 2
0.36 79 03 2
0.36 79 03 2
0.36 79 03 2
0.36 79 03 2
0.36 79 03 2
0.36 79 03 1
0.36 79 03 1
0.36 79 03 1
0.36 79 03 1
0.36 79 03 1
0.36 79 03 1
0.36 79 03 1
0.36 79 03 1
0.36 79 03 1
0.36 79 03 1
0.36 79 03 1
0.36 79 03 1
0.36 79 03 1
0.36 79 03 1
0.36 79 03 1
0.36 79 03 1
0.36 79 03 1
0.36 79 03 1
0.36 79 03 1
0.36 79 03 1
0.36 79 03 1
0.36 79 03 1
0.36 79 03 1
0.36 79 03 1
0.36 79 03 0
0.36 79 03 0
0.36 79 03 0
0.36 79 03 0
0.36 79 03 0
0.36 79 03 0
0.36 79 03 0
0.36 79 03 0
0.36 79 03 0
0.36 79 03 0
0.36 79 03 0
0.36 79 03 0
0.36 79 03 0
0.36 79 03 0
0.36 79 03 0
0.36 79 03 0
0.36 79 03 0
0.36 79 03 0
0.36 79 03 0
0.36 79 03 0
0.36 79 03 0
0.36 79 03 0
0.36 79 03 0
0.36 79 03 0
0.36 79 03 0
0.36 79 02 9
0.36 79 02 9
0.36 79 02 9
0.36 79 02 9
0.36 79 02 9
0.36 79 02 9
0.36 79 02 9
0.36 79 02 9
0.36 79 02 9
0.36 79 02 9
0.36 79 02 9
0.36 79 02 9
0.36 79 02 9
0.36 79 02 9
0.36 79 02 9
0.36 79 02 9
0.36 79 02 9
0.36 79 02 9
0.36 79 02 9
0.36 79 02 9
0.36 79 02 9
0.36 79 02 9
0.36 79 02 9
0.36 79 02 9
0.36 79 02 9
0.36 79 02 8
0.36 79 02 8
0.36 79 02 8
0.36 79 02 8
0.36 79 02 8
0.36 79 02 8
0.36 79 02 8
0.36 79 02 8
0.36 79 02 8
0.36 79 02 8
0.36 79 02 8
0.36 79 02 8
0.36 79 02 8
0.36 79 02 8
0.36 79 02 8
0.36 79 02 8
0.36 79 02 8
0.36 79 02 8
0.36 79 02 8
0.36 79 02 8
0.36 79 02 8
0.36 79 02 8
0.36 79 02 8
0.36 79 02 8
0.36 79 02 8
0.36 79 02 7
0.36 79 02 7
0.36 79 02 7
0.36 79 02 7
0.36 79 02 7
0.36 79 02 7
0.36 79 02 7
0.36 79 02 7
0.36 79 02 7
0.36 79 02 7
0.36 79 02 7
0.36 79 02 7
0.36 79 02 7
0.36 79 02 7
0.36 79 02 7
0.36 79 02 7
0.36 79 02 7
0.36 79 02 7
0.36 79 02 7
0.36 79 02 7
0.36 79 02 7
0.36 79 02 7
0.36 79 02 7
0.36 79 02 7
0.36 79 02 7
0.36 79 02 7
0.36 79 02 6
0.36 79 02 6
0.36 79 02 6
0.36 79 02 6
0.36 79 02 6
0.36 79 02 6
0.36 79 02 6
0.36 79 02 6
0.36 79 02 6
0.36 79 02 6
0.36 79 02 6
0.36 79 02 6
0.36 79 02 6
0.36 79 02 6
0.36 79 02 6
0.36 79 02 6
0.36 79 02 6
0.36 79 02 6
0.36 79 02 6
0.36 79 02 6
0.36 79 02 6
0.36 79 02 6
0.36 79 02 6
0.36 79 02 6
0.36 79 02 6
0.36 79 02 6
0.36 79 02 5
0.36 79 02 5
0.36 79 02 5
0.36 79 02 5
0.36 79 02 5
0.36 79 02 5
0.36 79 02 5
0.36 79 02 5
0.36 79 02 5
0.36 79 02 5
0.36 79 02 5
0.36 79 02 5
0.36 79 02 5
0.36 79 02 5
0.36 79 02 5
0.36 79 02 5
0.36 79 02 5
0.36 79 02 5
0.36 79 02 5
0.36 79 02 5
0.36 79 02 5
0.36 79 02 5
0.36 79 02 5
0.36 79 02 5
0.36 79 02 5
0.36 79 02 5
0.36 79 02 4
0.36 79 02 4
0.36 79 02 4
0.36 79 02 4
0.36 79 02 4
0.36 79 02 4
0.36 79 02 4
0.36 79 02 4
0.36 79 02 4
0.36 79 02 4
0.36 79 02 4
0.36 79 02 4
0.36 79 02 4
0.36 79 02 4
0.36 79 02 4
0.36 79 02 4
0.36 79 02 4
0.36 79 02 4
0.36 79 02 4
0.36 79 02 4
0.36 79 02 4
0.36 79 02 4
0.36 79 02 4
0.36 79 02 4
0.36 79 02 4
0.36 79 02 4
0.36 79 02 4
0.36 79 02 3
0.36 79 02 3
0.36 79 02 3
0.36 79 02 3
0.36 79 02 3
0.36 79 02 3
0.36 79 02 3
0.36 79 02 3
0.36 79 02 3
0.36 79 02 3
0.36 79 02 3
0.36 79 02 3
0.36 79 02 3
0.36 79 02 3
0.36 79 02 3
0.36 79 02 3
0.36 79 02 3
0.36 79 02 3
0.36 79 02 3
0.36 79 02 3
0.36 79 02 3
0.36 79 02 3
0.36 79 02 3
0.36 79 02 3
0.36 79 02 3
0.36 79 02 3
0.36 79 02 3
0.36 79 02 2
0.36 79 02 2
0.36 79 02 2
0.36 79 02 2
0.36 79 02 2
0.36 79 02 2
0.36 79 02 2
0.36 79 02 2
0.36 79 02 2
0.36 79 02 2
0.36 79 02 2
0.36 79 02 2
0.36 79 02 2
0.36 79 02 2
0.36 79 02 2
0.36 79 02 2
0.36 79 02 2
0.36 79 02 2
0.36 79 02 2
0.36 79 02 2
0.36 79 02 2
0.36 79 02 2
0.36 79 02 2
0.36 79 02 2
0.36 79 02 2
0.36 79 02 2
0.36 79 02 2
0.36 79 02 1
0.36 79 02 1
0.36 79 02 1
0.36 79 02 1
0.36 79 02 1
0.36 79 02 1
0.36 79 02 1
0.36 79 02 1
0.36 79 02 1
0.36 79 02 1
0.36 79 02 1
0.36 79 02 1
0.36 79 02 1
0.36 79 02 1
0.36 79 02 1
0.36 79 02 1
0.36 79 02 1
0.36 79 02 1
0.36 79 02 1
0.36 79 02 1
0.36 79 02 1
0.36 79 02 1
0.36 79 02 1
0.36 79 02 1
0.36 79 02 1
0.36 79 02 1
0.36 79 02 1
0.36 79 02 1
0.36 79 02 0
0.36 79 02 0
0.36 79 02 0
0.36 79 02 0
0.36 79 02 0
0.36 79 02 0
0.36 79 02 0
0.36 79 02 0
0.36 79 02 0
0.36 79 02 0
0.36 79 02 0
0.36 79 02 0
0.36 79 02 0
0.36 79 02 0
0.36 79 02 0
0.36 79 02 0
0.36 79 02 0
0.36 79 02 0
0.36 79 02 0
0.36 79 02 0
0.36 79 02 0
0.36 79 02 0
0.36 79 02 0
0.36 79 02 0
0.36 79 02 0
0.36 79 02 0
0.36 79 02 0
0.36 79 02 0
0.36 79 01 9
0.36 79 01 9
0.36 79 01 9
0.36 79 01 9
0.36 79 01 9
0.36 79 01 9
0.36 79 01 9
0.36 79 01 9
0.36 79 01 9
0.36 79 01 9
0.36 79 01 9
0.36 79 01 9
0.36 79 01 9
0.36 79 01 9
0.36 79 01 9
0.36 79 01 9
0.36 79 01 9
0.36 79 01 9
0.36 79 01 9
0.36 79 01 9
0.36 79 01 9
0.36 79 01 9
0.36 79 01 9
0.36 79 01 9
0.36 79 01 9
0.36 79 01 9
0.36 79 01 9
0.36 79 01 9
0.36 79 01 8
0.36 79 01 8
0.36 79 01 8
0.36 79 01 8
0.36 79 01 8
0.36 79 01 8
0.36 79 01 8
0.36 79 01 8
0.36 79 01 8
0.36 79 01 8
0.36 79 01 8
0.36 79 01 8
0.36 79 01 8
0.36 79 01 8
0.36 79 01 8
0.36 79 01 8
0.36 79 01 8
0.36 79 01 8
0.36 79 01 8
0.36 79 01 8
0.36 79 01 8
0.36 79 01 8
0.36 79 01 8
0.36 79 01 8
0.36 79 01 8
0.36 79 01 8
0.36 79 01 8
0.36 79 01 8
0.36 79 01 8
0.36 79 01 7
0.36 79 01 7
0.36 79 01 7
0.36 79 01 7
0.36 79 01 7
0.36 79 01 7
0.36 79 01 7
0.36 79 01 7
0.36 79 01 7
0.36 79 01 7
0.36 79 01 7
0.36 79 01 7
0.36 79 01 7
0.36 79 01 7
0.36 79 01 7
0.36 79 01 7
0.36 79 01 7
0.36 79 01 7
0.36 79 01 7
0.36 79 01 7
0.36 79 01 7
0.36 79 01 7
0.36 79 01 7
0.36 79 01 7
0.36 79 01 7
0.36 79 01 7
0.36 79 01 7
0.36 79 01 7
0.36 79 01 7
0.36 79 01 6
0.36 79 01 6
0.36 79 01 6
0.36 79 01 6
0.36 79 01 6
0.36 79 01 6
0.36 79 01 6
0.36 79 01 6
0.36 79 01 6
0.36 79 01 6
0.36 79 01 6
0.36 79 01 6
0.36 79 01 6
0.36 79 01 6
0.36 79 01 6
0.36 79 01 6
0.36 79 01 6
0.36 79 01 6
0.36 79 01 6
0.36 79 01 6
0.36 79 01 6
0.36 79 01 6
0.36 79 01 6
0.36 79 01 6
0.36 79 01 6
0.36 79 01 6
0.36 79 01 6
0.36 79 01 6
0.36 79 01 6
0.36 79 01 6
0.36 79 01 5
0.36 79 01 5
0.36 79 01 5
0.36 79 01 5
0.36 79 01 5
0.36 79 01 5
0.36 79 01 5
0.36 79 01 5
0.36 79 01 5
0.36 79 01 5
0.36 79 01 5
0.36 79 01 5
0.36 79 01 5
0.36 79 01 5
0.36 79 01 5
0.36 79 01 5
0.36 79 01 5
0.36 79 01 5
0.36 79 01 5
0.36 79 01 5
0.36 79 01 5
0.36 79 01 5
0.36 79 01 5
0.36 79 01 5
0.36 79 01 5
0.36 79 01 5
0.36 79 01 5
0.36 79 01 5
0.36 79 01 5
0.36 79 01 5
0.36 79 01 4
0.36 79 01 4
0.36 79 01 4
0.36 79 01 4
0.36 79 01 4
0.36 79 01 4
0.36 79 01 4
0.36 79 01 4
0.36 79 01 4
0.36 79 01 4
0.36 79 01 4
0.36 79 01 4
0.36 79 01 4
0.36 79 01 4
0.36 79 01 4
0.36 79 01 4
0.36 79 01 4
0.36 79 01 4
0.36 79 01 4
0.36 79 01 4
0.36 79 01 4
0.36 79 01 4
0.36 79 01 4
0.36 79 01 4
0.36 79 01 4
0.36 79 01 4
0.36 79 01 4
0.36 79 01 4
0.36 79 01 4
0.36 79 01 4
0.36 79 01 4
0.36 79 01 3
0.36 79 01 3
0.36 79 01 3
0.36 79 01 3
0.36 79 01 3
0.36 79 01 3
0.36 79 01 3
0.36 79 01 3
0.36 79 01 3
0.36 79 01 3
0.36 79 01 3
0.36 79 01 3
0.36 79 01 3
0.36 79 01 3
0.36 79 01 3
0.36 79 01 3
0.36 79 01 3
0.36 79 01 3
0.36 79 01 3
0.36 79 01 3
0.36 79 01 3
0.36 79 01 3
0.36 79 01 3
0.36 79 01 3
0.36 79 01 3
0.36 79 01 3
0.36 79 01 3
0.36 79 01 3
0.36 79 01 3
0.36 79 01 3
0.36 79 01 2
0.36 79 01 2
0.36 79 01 2
0.36 79 01 2
0.36 79 01 2
0.36 79 01 2
0.36 79 01 2
0.36 79 01 2
0.36 79 01 2
0.36 79 01 2
0.36 79 01 2
0.36 79 01 2
0.36 79 01 2
0.36 79 01 2
0.36 79 01 2
0.36 79 01 2
0.36 79 01 2
0.36 79 01 2
0.36 79 01 2
0.36 79 01 2
0.36 79 01 2
0.36 79 01 2
0.36 79 01 2
0.36 79 01 2
0.36 79 01 2
0.36 79 01 2
0.36 79 01 2
0.36 79 01 2
0.36 79 01 2
0.36 79 01 2
0.36 79 01 2
0.36 79 01 2
0.36 79 01 1
0.36 79 01 1
0.36 79 01 1
0.36 79 01 1
0.36 79 01 1
0.36 79 01 1
0.36 79 01 1
0.36 79 01 1
0.36 79 01 1
0.36 79 01 1
0.36 79 01 1
0.36 79 01 1
0.36 79 01 1
0.36 79 01 1
0.36 79 01 1
0.36 79 01 1
0.36 79 01 1
0.36 79 01 1
0.36 79 01 1
0.36 79 01 1
0.36 79 01 1
0.36 79 01 1
0.36 79 01 1
0.36 79 01 1
0.36 79 01 1
0.36 79 01 1
0.36 79 01 1
0.36 79 01 1
0.36 79 01 1
0.36 79 01 1
0.36 79 01 1
0.36 79 01 0
0.36 79 01 0
0.36 79 01 0
0.36 79 01 0
0.36 79 01 0
0.36 79 01 0
0.36 79 01 0
0.36 79 01 0
0.36 79 01 0
0.36 79 01 0
0.36 79 01 0
0.36 79 01 0
0.36 79 01 0
0.36 79 01 0
0.36 79 01 0
0.36 79 01 0
0.36 79 01 0
0.36 79 01 0
0.36 79 01 0
0.36 79 01 0
0.36 79 01 0
0.36 79 01 0
0.36 79 01 0
0.36 79 01 0
0.36 79 01 0
0.36 79 01 0
0.36 79 01 0
0.36 79 01 0
0.36 79 01 0
0.36 79 01 0
0.36 79 01 0
0.36 79 01 0
0.36 79 01 0
0.36 79 00 9
0.36 79 00 9
0.36 79 00 9
0.36 79 00 9
0.36 79 00 9
0.36 79 00 9
0.36 79 00 9
0.36 79 00 9
0.36 79 00 9
0.36 79 00 9
0.36 79 00 9
0.36 79 00 9
0.36 79 00 9
0.36 79 00 9
0.36 79 00 9
0.36 79 00 9
0.36 79 00 9
0.36 79 00 9
0.36 79 00 9
0.36 79 00 9
0.36 79 00 9
0.36 79 00 9
0.36 79 00 9
0.36 79 00 9
0.36 79 00 9
0.36 79 00 9
0.36 79 00 9
0.36 79 00 9
0.36 79 00 9
0.36 79 00 9
0.36 79 00 9
0.36 79 00 9
0.36 79 00 8
0.36 79 00 8
0.36 79 00 8
0.36 79 00 8
0.36 79 00 8
0.36 79 00 8
0.36 79 00 8
0.36 79 00 8
0.36 79 00 8
0.36 79 00 8
0.36 79 00 8
0.36 79 00 8
0.36 79 00 8
0.36 79 00 8
0.36 79 00 8
0.36 79 00 8
0.36 79 00 8
0.36 79 00 8
0.36 79 00 8
0.36 79 00 8
0.36 79 00 8
0.36 79 00 8
0.36 79 00 8
0.36 79 00 8
0.36 79 00 8
0.36 79 00 8
0.36 79 00 8
0.36 79 00 8
0.36 79 00 8
0.36 79 00 8
0.36 79 00 8
0.36 79 00 8
0.36 79 00 8
0.36 79 00 7
0.36 79 00 7
0.36 79 00 7
0.36 79 00 7
0.36 79 00 7
0.36 79 00 7
0.36 79 00 7
0.36 79 00 7
0.36 79 00 7
0.36 79 00 7
0.36 79 00 7
0.36 79 00 7
0.36 79 00 7
0.36 79 00 7
0.36 79 00 7
0.36 79 00 7
0.36 79 00 7
0.36 79 00 7
0.36 79 00 7
0.36 79 00 7
0.36 79 00 7
0.36 79 00 7
0.36 79 00 7
0.36 79 00 7
0.36 79 00 7
0.36 79 00 7
0.36 79 00 7
0.36 79 00 7
0.36 79 00 7
0.36 79 00 7
0.36 79 00 7
0.36 79 00 7
0.36 79 00 7
0.36 79 00 7
0.36 79 00 6
0.36 79 00 6
0.36 79 00 6
0.36 79 00 6
0.36 79 00 6
0.36 79 00 6
0.36 79 00 6
0.36 79 00 6
0.36 79 00 6
0.36 79 00 6
0.36 79 00 6
0.36 79 00 6
0.36 79 00 6
0.36 79 00 6
0.36 79 00 6
0.36 79 00 6
0.36 79 00 6
0.36 79 00 6
0.36 79 00 6
0.36 79 00 6
0.36 79 00 6
0.36 79 00 6
0.36 79 00 6
0.36 79 00 6
0.36 79 00 6
0.36 79 00 6
0.36 79 00 6
0.36 79 00 6
0.36 79 00 6
0.36 79 00 6
0.36 79 00 6
0.36 79 00 6
0.36 79 00 6
0.36 79 00 6
0.36 79 00 5
0.36 79 00 5
0.36 79 00 5
0.36 79 00 5
0.36 79 00 5
0.36 79 00 5
0.36 79 00 5
0.36 79 00 5
0.36 79 00 5
0.36 79 00 5
0.36 79 00 5
0.36 79 00 5
0.36 79 00 5
0.36 79 00 5
0.36 79 00 5
0.36 79 00 5
0.36 79 00 5
0.36 79 00 5
0.36 79 00 5
0.36 79 00 5
0.36 79 00 5
0.36 79 00 5
0.36 79 00 5
0.36 79 00 5
0.36 79 00 5
0.36 79 00 5
0.36 79 00 5
0.36 79 00 5
0.36 79 00 5
0.36 79 00 5
0.36 79 00 5
0.36 79 00 5
0.36 79 00 5
0.36 79 00 5
0.36 79 00 5
0.36 79 00 4
0.36 79 00 4
0.36 79 00 4
0.36 79 00 4
0.36 79 00 4
0.36 79 00 4
0.36 79 00 4
0.36 79 00 4
0.36 79 00 4
0.36 79 00 4
0.36 79 00 4
0.36 79 00 4
0.36 79 00 4
0.36 79 00 4
0.36 79 00 4
0.36 79 00 4
0.36 79 00 4
0.36 79 00 4
0.36 79 00 4
0.36 79 00 4
0.36 79 00 4
0.36 79 00 4
0.36 79 00 4
0.36 79 00 4
0.36 79 00 4
0.36 79 00 4
0.36 79 00 4
0.36 79 00 4
0.36 79 00 4
0.36 79 00 4
0.36 79 00 4
0.36 79 00 4
0.36 79 00 4
0.36 79 00 4
0.36 79 00 4
0.36 79 00 3
0.36 79 00 3
0.36 79 00 3
0.36 79 00 3
0.36 79 00 3
0.36 79 00 3
0.36 79 00 3
0.36 79 00 3
0.36 79 00 3
0.36 79 00 3
0.36 79 00 3
0.36 79 00 3
0.36 79 00 3
0.36 79 00 3
0.36 79 00 3
0.36 79 00 3
0.36 79 00 3
0.36 79 00 3
0.36 79 00 3
0.36 79 00 3
0.36 79 00 3
0.36 79 00 3
0.36 79 00 3
0.36 79 00 3
0.36 79 00 3
0.36 79 00 3
0.36 79 00 3
0.36 79 00 3
0.36 79 00 3
0.36 79 00 3
0.36 79 00 3
0.36 79 00 3
0.36 79 00 3
0.36 79 00 3
0.36 79 00 3
0.36 79 00 2
0.36 79 00 2
0.36 79 00 2
0.36 79 00 2
0.36 79 00 2
0.36 79 00 2
0.36 79 00 2
0.36 79 00 2
0.36 79 00 2
0.36 79 00 2
0.36 79 00 2
0.36 79 00 2
0.36 79 00 2
0.36 79 00 2
0.36 79 00 2
0.36 79 00 2
0.36 79 00 2
0.36 79 00 2
0.36 79 00 2
0.36 79 00 2
0.36 79 00 2
0.36 79 00 2
0.36 79 00 2
0.36 79 00 2
0.36 79 00 2
0.36 79 00 2
0.36 79 00 2
0.36 79 00 2
0.36 79 00 2
0.36 79 00 2
0.36 79 00 2
0.36 79 00 2
0.36 79 00 2
0.36 79 00 2
0.36 79 00 2
0.36 79 00 2
0.36 79 00 1
0.36 79 00 1
0.36 79 00 1
0.36 79 00 1
0.36 79 00 1
0.36 79 00 1
0.36 79 00 1
0.36 79 00 1
0.36 79 00 1
0.36 79 00 1
0.36 79 00 1
0.36 79 00 1
0.36 79 00 1
0.36 79 00 1
0.36 79 00 1
0.36 79 00 1
0.36 79 00 1
0.36 79 00 1
0.36 79 00 1
0.36 79 00 1
0.36 79 00 1
0.36 79 00 1
0.36 79 00 1
0.36 79 00 1
0.36 79 00 1
0.36 79 00 1
0.36 79 00 1
0.36 79 00 1
0.36 79 00 1
0.36 79 00 1
0.36 79 00 1
0.36 79 00 1
0.36 79 00 1
0.36 79 00 1
0.36 79 00 1
0.36 79 00 1
0.36 79 00 1
0.36 79 00 0
0.36 79 00 0
0.36 79 00 0
0.36 79 00 0
0.36 79 00 0
0.36 79 00 0
0.36 79 00 0
0.36 79 00 0
0.36 79 00 0
0.36 79 00 0
0.36 79 00 0
0.36 79 00 0
0.36 79 00 0
0.36 79 00 0
0.36 79 00 0
0.36 79 00 0
0.36 79 00 0
0.36 79 00 0
0.36 79 00 0
0.36 79 00 0
0.36 79 00 0
0.36 79 00 0
0.36 79 00 0
0.36 79 00 0
0.36 79 00 0
0.36 79 00 0
0.36 79 00 0
0.36 79 00 0
0.36 79 00 0
0.36 79 00 0
0.36 79 00 0
0.36 79 00 0
0.36 79 00 0
0.36 79 00 0
0.36 79 00 0
0.36 79 00 0
0.36 79 00 0
0.36 78 99 9
0.36 78 99 9
0.36 78 99 9
0.36 78 99 9
0.36 78 99 9
0.36 78 99 9
0.36 78 99 9
0.36 78 99 9
0.36 78 99 9
0.36 78 99 9
0.36 78 99 9
0.36 78 99 9
0.36 78 99 9
0.36 78 99 9
0.36 78 99 9
0.36 78 99 9
0.36 78 99 9
0.36 78 99 9
0.36 78 99 9
0.36 78 99 9
0.36 78 99 9
0.36 78 99 9
0.36 78 99 9
0.36 78 99 9
0.36 78 99 9
0.36 78 99 9
0.36 78 99 9
0.36 78 99 9
0.36 78 99 9
0.36 78 99 9
0.36 78 99 9
0.36 78 99 9
0.36 78 99 9
0.36 78 99 9
0.36 78 99 9
0.36 78 99 9
0.36 78 99 9
0.36 78 99 8
0.36 78 99 8
0.36 78 99 8
0.36 78 99 8
0.36 78 99 8
0.36 78 99 8
0.36 78 99 8
0.36 78 99 8
0.36 78 99 8
0.36 78 99 8
0.36 78 99 8
0.36 78 99 8
0.36 78 99 8
0.36 78 99 8
0.36 78 99 8
0.36 78 99 8
0.36 78 99 8
0.36 78 99 8
0.36 78 99 8
0.36 78 99 8
0.36 78 99 8
0.36 78 99 8
0.36 78 99 8
0.36 78 99 8
0.36 78 99 8
0.36 78 99 8
0.36 78 99 8
0.36 78 99 8
0.36 78 99 8
0.36 78 99 8
0.36 78 99 8
0.36 78 99 8
0.36 78 99 8
0.36 78 99 8
0.36 78 99 8
0.36 78 99 8
0.36 78 99 8
0.36 78 99 8
0.36 78 99 8
0.36 78 99 7
0.36 78 99 7
0.36 78 99 7
0.36 78 99 7
0.36 78 99 7
0.36 78 99 7
0.36 78 99 7
0.36 78 99 7
0.36 78 99 7
0.36 78 99 7
0.36 78 99 7
0.36 78 99 7
0.36 78 99 7
0.36 78 99 7
0.36 78 99 7
0.36 78 99 7
0.36 78 99 7
0.36 78 99 7
0.36 78 99 7
0.36 78 99 7
0.36 78 99 7
0.36 78 99 7
0.36 78 99 7
0.36 78 99 7
0.36 78 99 7
0.36 78 99 7
0.36 78 99 7
0.36 78 99 7
0.36 78 99 7
0.36 78 99 7
0.36 78 99 7
0.36 78 99 7
0.36 78 99 7
0.36 78 99 7
0.36 78 99 7
0.36 78 99 7
0.36 78 99 7
0.36 78 99 7
0.36 78 99 6
0.36 78 99 6
0.36 78 99 6
0.36 78 99 6
0.36 78 99 6
0.36 78 99 6
0.36 78 99 6
0.36 78 99 6
0.36 78 99 6
0.36 78 99 6
0.36 78 99 6
0.36 78 99 6
0.36 78 99 6
0.36 78 99 6
0.36 78 99 6
0.36 78 99 6
0.36 78 99 6
0.36 78 99 6
0.36 78 99 6
0.36 78 99 6
0.36 78 99 6
0.36 78 99 6
0.36 78 99 6
0.36 78 99 6
0.36 78 99 6
0.36 78 99 6
0.36 78 99 6
0.36 78 99 6
0.36 78 99 6
0.36 78 99 6
0.36 78 99 6
0.36 78 99 6
0.36 78 99 6
0.36 78 99 6
0.36 78 99 6
0.36 78 99 6
0.36 78 99 6
0.36 78 99 6
0.36 78 99 6
0.36 78 99 6
0.36 78 99 5
0.36 78 99 5
0.36 78 99 5
0.36 78 99 5
